Labels	D1-data	
200.00	1.00000000E+0	
201.00	9.92213786E-1	
202.00	9.81912971E-1	
203.00	9.75823581E-1	
204.00	9.68413293E-1	
205.00	9.60414171E-1	
206.00	9.52154934E-1	
207.00	9.43739235E-1	
208.00	9.35185373E-1	
209.00	9.26489115E-1	
210.00	9.17643189E-1	
211.00	9.08644497E-1	
212.00	8.99495542E-1	
213.00	8.90202999E-1	
214.00	8.80774915E-1	
215.00	8.71219933E-1	
216.00	8.61555338E-1	
217.00	8.51824701E-1	
218.00	8.42115641E-1	
219.00	8.32553685E-1	
220.00	8.23260188E-1	
221.00	8.14289331E-1	
222.00	8.05597842E-1	
223.00	7.97072172E-1	
224.00	7.88589835E-1	
225.00	7.80065358E-1	
226.00	7.71463394E-1	
227.00	7.62791038E-1	
228.00	7.54090011E-1	
229.00	7.45425642E-1	
230.00	7.36860871E-1	
231.00	7.28424370E-1	
232.00	7.20093071E-1	
233.00	7.11807787E-1	
234.00	7.03504384E-1	
235.00	6.95139229E-1	
236.00	6.86697900E-1	
237.00	6.78195596E-1	
238.00	6.69678092E-1	
239.00	6.61213517E-1	
240.00	6.52867794E-1	
241.00	6.44670308E-1	
242.00	6.36597276E-1	
243.00	6.28586471E-1	
244.00	6.20571375E-1	
245.00	6.12507701E-1	
246.00	6.04385257E-1	
247.00	5.96234381E-1	
248.00	5.88131607E-1	
249.00	5.80189228E-1	
250.00	5.72514951E-1	
251.00	5.65156877E-1	
252.00	5.58075845E-1	
253.00	5.51170886E-1	
254.00	5.44333160E-1	
255.00	5.37488937E-1	
256.00	5.30612886E-1	
257.00	5.23728728E-1	
258.00	5.16911685E-1	
259.00	5.10278225E-1	
260.00	5.03943801E-1	
261.00	4.97961909E-1	
262.00	4.92292047E-1	
263.00	4.86824840E-1	
264.00	4.81442243E-1	
265.00	4.76064861E-1	
266.00	4.70665455E-1	
267.00	4.65264499E-1	
268.00	4.59924966E-1	
269.00	4.54740703E-1	
270.00	4.49803352E-1	
271.00	4.45155472E-1	
272.00	4.40764636E-1	
273.00	4.36542720E-1	
274.00	4.32393461E-1	
275.00	4.28251594E-1	
276.00	4.24094677E-1	
277.00	4.19937879E-1	
278.00	4.15828377E-1	
279.00	4.11834747E-1	
280.00	4.08022046E-1	
281.00	4.04419273E-1	
282.00	4.01002377E-1	
283.00	3.97709608E-1	
284.00	3.94473433E-1	
285.00	3.91245157E-1	
286.00	3.88001233E-1	
287.00	3.84742379E-1	
288.00	3.81491065E-1	
289.00	3.78284454E-1	
290.00	3.75157386E-1	
291.00	3.72122407E-1	
292.00	3.69161695E-1	
293.00	3.66238415E-1	
294.00	3.63318205E-1	
295.00	3.60383511E-1	
296.00	3.57434899E-1	
297.00	3.54486197E-1	
298.00	3.51561964E-1	
299.00	3.48695904E-1	
300.00	3.45920742E-1	
301.00	3.43251139E-1	
302.00	3.40673238E-1	
303.00	3.38151336E-1	
304.00	3.35646927E-1	
305.00	3.33134383E-1	
306.00	3.30603004E-1	
307.00	3.28049600E-1	
308.00	3.25469732E-1	
309.00	3.22856039E-1	
310.00	3.20202023E-1	
311.00	3.17505747E-1	
312.00	3.14770579E-1	
313.00	3.12002331E-1	
314.00	3.09205830E-1	
315.00	3.06384921E-1	
316.00	3.03544343E-1	
317.00	3.00694972E-1	
318.00	2.97858179E-1	
319.00	2.95064002E-1	
320.00	2.92341411E-1	
321.00	2.89704263E-1	
322.00	2.87143797E-1	
323.00	2.84633338E-1	
324.00	2.82141030E-1	
325.00	2.79642195E-1	
326.00	2.77125090E-1	
327.00	2.74590850E-1	
328.00	2.72049993E-1	
329.00	2.69517452E-1	
330.00	2.67005771E-1	
331.00	2.64518589E-1	
332.00	2.62050092E-1	
333.00	2.59590328E-1	
334.00	2.57130057E-1	
335.00	2.54661739E-1	
336.00	2.52181768E-1	
337.00	2.49697909E-1	
338.00	2.47237369E-1	
339.00	2.44843155E-1	
340.00	2.42555901E-1	
341.00	2.40392834E-1	
342.00	2.38341689E-1	
343.00	2.36372605E-1	
344.00	2.34454006E-1	
345.00	2.32558548E-1	
346.00	2.30660975E-1	
347.00	2.28743657E-1	
348.00	2.26809859E-1	
349.00	2.24888042E-1	
350.00	2.23014832E-1	
351.00	2.21209392E-1	
352.00	2.19462693E-1	
353.00	2.17749387E-1	
354.00	2.16045886E-1	
355.00	2.14339063E-1	
356.00	2.12624744E-1	
357.00	2.10906804E-1	
358.00	2.09199846E-1	
359.00	2.07527786E-1	
360.00	2.05914184E-1	
361.00	2.04369158E-1	
362.00	2.02884212E-1	
363.00	2.01438248E-1	
364.00	2.00009033E-1	
365.00	1.98582277E-1	
366.00	1.97156325E-1	
367.00	1.95746288E-1	
368.00	1.94387749E-1	
369.00	1.93132132E-1	
370.00	1.92026630E-1	
371.00	1.91088513E-1	
372.00	1.90294281E-1	
373.00	1.89595297E-1	
374.00	1.88944429E-1	
375.00	1.88310996E-1	
376.00	1.87675044E-1	
377.00	1.87011257E-1	
378.00	1.86275765E-1	
379.00	1.85407400E-1	
380.00	1.84348375E-1	
381.00	1.83073416E-1	
382.00	1.81604430E-1	
383.00	1.79996327E-1	
384.00	1.78307816E-1	
385.00	1.76581889E-1	
386.00	1.74848393E-1	
387.00	1.73142716E-1	
388.00	1.71524346E-1	
389.00	1.70076787E-1	
390.00	1.68879732E-1	
391.00	1.67969048E-1	
392.00	1.67317465E-1	
393.00	1.66853383E-1	
394.00	1.66499138E-1	
395.00	1.66197479E-1	
396.00	1.65918440E-1	
397.00	1.65660635E-1	
398.00	1.65458247E-1	
399.00	1.65382415E-1	
400.00	1.65520340E-1	
