labels: Mismatch DT
250.0 -2.2803014189239368e-05
251.00044464206314 -1.4318925317961404e-05
252.0008892841263 -6.18259437253879e-06
253.00133392618943 1.6349662096323962e-06
254.00177856825255 9.162743991155866e-06
255.0022232103157 1.6429726534635945e-05
256.00266785237886 2.346490140267655e-05
257.00311249444195 3.0297256157880804e-05
258.0035571365051 3.695577836285359e-05
259.00400177856824 4.346945558019844e-05
260.0044464206314 4.986727537251928e-05
261.0048910626945 5.6178225302420014e-05
262.00533570475767 6.243129293250457e-05
263.0057803468208 6.865546582537685e-05
264.00622498888396 7.487973154364075e-05
265.0066696309471 8.113307764990025e-05
266.00711427301025 8.744449170675924e-05
267.0075589150734 9.384296127682158e-05
268.0080035571365 0.00010035747392269086
269.0084481991996 0.00010701701720697175
270.00889284126276 0.00011385057869226777
271.0093374833259 0.00012088714594118288
272.00978212538905 0.00012815570651632092
273.0102267674522 0.00013568524798028588
274.01067140951534 0.00014350475789568162
275.0111160515785 0.00015164322382511212
276.0115606936416 0.00016012963333118118
277.01200533570477 0.0001689929739764929
278.0124499777679 0.00017826223332365092
279.01289461983106 0.0001879663989352595
280.0133392618942 0.0001981344583739223
281.0137839039573 0.00020879539920224272
282.01422854602043 0.00021997820898282582
283.0146731880836 0.00023171187527827505
284.0151178301467 0.00024402538565119415
285.01556247220987 0.0002569477276641872
286.016007114273 0.00027050788887985803
287.01645175633615 0.0002847348568608105
288.0168963983993 0.0002996576191696487
289.01734104046244 0.0003153051633689764
290.0177856825256 0.00033170647702139756
291.0182303245887 0.000348890547689516
292.0186749666518 0.0003668863629359349
293.01911960871496 0.0003857229103232598
294.0195642507781 0.000405429177414094
295.02000889284125 0.00042603415177104115
296.0204535349044 0.0004475668209567052
297.02089817696753 0.0004700561725336902
298.0213428190307 0.0004935311940646
299.0217874610938 0.0005180208731120384
300.02223210315697 0.0005435541972386096
301.0226767452201 0.0005701601540069172
302.02312138728325 0.0005978677309795652
303.0235660293464 0.0006267059157191577
304.02401067140954 0.0006567036957882985
305.0244553134727 0.0006878900587495913
306.0248999555358 0.0007202939921656384
307.0253445975989 0.0007539444835990473
308.02578923966206 0.0007888705206124204
309.0262338817252 0.0008251010907683611
310.02667852378835 0.0008626651816294737
311.0271231658515 0.000901591780758362
312.02756780791464 0.0009419098757176299
313.0280124499778 0.0009836484540698812
314.0284570920409 0.0010268365033777203
315.02890173410407 0.0010715030112037503
316.02934637616715 0.0011176769651105732
317.0297910182303 0.0011653873526607976
318.03023566029344 0.0012146631614170253
319.0306803023566 0.00126553337894186
320.03112494441973 0.0013180269927979057
321.0315695864829 0.0013721729906264464
322.032014228546 0.0014280031083785973
323.03245887060916 0.0014855590833556982
324.0329035126723 0.001544884927232089
325.03334815473545 0.001606024651682107
326.0337927967986 0.0016690222683800936
327.03423743886174 0.001733921789000386
328.0346820809249 0.001800767225217323
329.035126722988 0.001869602588705245
330.03557136505117 0.0019404718911384903
331.03601600711426 0.0020134191441913934
332.0364606491774 0.0020884883595383022
333.03690529124054 0.0021657235488535508
334.0373499333037 0.002245168723811479
335.03779457536683 0.0023268678960864254
336.03823921743 0.002410865077352729
337.0386838594931 0.0024972042792847293
338.03912850155626 0.002585929513556764
339.0395731436194 0.002677084791843174
340.0400177856825 0.002770714125818291
341.04046242774564 0.002866861527156466
342.0409070698088 0.0029655710075320325
343.0413517118719 0.003066886578619329
344.04179635393507 0.0031708522520926944
345.0422409959982 0.0032775120396264686
346.04268563806136 0.00338690995289499
347.0431302801245 0.003499090003572597
348.04357492218764 0.0036140962033336297
349.0440195642508 0.0037319725638524258
350.04446420631393 0.003852763096803326
351.0449088483771 0.003976511813860669
352.0453534904402 0.004103262726698793
353.04579813250336 0.004233059846992036
354.0462427745665 0.00436594718641474
355.04668741662965 0.004501968756641241
356.04713205869274 0.004641168569345872
357.0475767007559 0.004783590636202986
358.048021342819 0.0049292789688869165
359.04846598488217 0.005078277579072001
360.0489106269453 0.005230630478432577
361.04935526900846 0.005386381678642986
362.0497999110716 0.005545575191377568
363.05024455313475 0.005708255028310659
364.0506891951979 0.0058744652011166
365.051133837261 0.006044249721469718
366.0515784793241 0.006217652601044372
367.05202312138726 0.0063947178515148945
368.0524677634504 0.006575489484555622
369.05291240551355 0.006760011511840893
370.0533570475767 0.006948327945045046
371.05380168963984 0.007140482795842423
372.054246331703 0.00733652007590736
373.0546909737661 0.007536483796914198
374.0551356158293 0.007740417970537275
375.0555802578924 0.00794836660845093
376.05602489995556 0.008160373722329504
377.0564695420187 0.008376483323847331
378.05691418408185 0.008596739424678757
379.057358826145 0.008821186036498114
380.05780346820814 0.009049867170979744
381.0582481102713 0.009282826839797989
382.05869275233437 0.00952010905462717
383.0591373943975 0.009761757827141653
384.05958203646065 0.010007817169015765
385.0600266785238 0.01025833109192385
386.06047132058694 0.010513343607540238
387.0609159626501 0.010772898727539271
388.0613606047132 0.011037040463595278
389.0618052467763 0.011305812827382621
390.06224988883946 0.01157925983057563
391.0626945309026 0.011857425485060953
392.06313917296575 0.012140354837166885
393.0635838150289 0.012428096364421375
394.06402845709204 0.012720699254834909
395.0644730991552 0.013018212696417971
396.0649177412183 0.013320685877181047
397.06536238328147 0.013628167985134625
398.0658070253446 0.013940708208289182
399.06625166740776 0.014258355734655215
400.0666963094709 0.014581159752243205
401.06714095153404 0.01490916944906363
402.0675855935972 0.015242434013126985
403.06803023566033 0.015581002632443748
404.0684748777235 0.015924924495024417
405.0689195197866 0.016274248788879463
406.0693641618497 0.01662902470201936
407.06980880391285 0.01698930142245462
408.070253445976 0.017355128138195727
409.07069808803914 0.017726554037253154
410.0711427301023 0.01810362830763739
411.0715873721654 0.01848640013735892
412.0720320142285 0.01887491871442821
413.07247665629166 0.019269233226855788
414.0729212983548 0.01966939286265211
415.07336594041794 0.020075446809827674
416.0738105824811 0.020487444256392956
417.07425522454423 0.02090543439035845
418.0746998666074 0.021329466399734626
419.0751445086705 0.021759589472531985
420.07558915073366 0.022195852796761003
421.0760337927968 0.022638305560432174
422.07647843485995 0.02308699695155598
423.0769230769231 0.023541976158142894
424.07736771898624 0.024003292368203418
425.0778123610494 0.02447099476974803
426.0782570031125 0.024945132550787213
427.07870164517567 0.025425754897794483
428.0791462872388 0.025912907040995237
429.07959092930196 0.026406621694605455
430.08003557136504 0.02690692910369689
431.0804802134282 0.027413859513341354
432.08092485549133 0.0279274431686106
433.0813694975545 0.02844771031457639
434.0818141396176 0.028974691196310496
435.08225878168076 0.029508416058884684
436.08270342374385 0.0300489151473707
437.083148065807 0.030596218706840372
438.08359270787014 0.031150356982365415
439.0840373499333 0.03171136021901764
440.0844819919964 0.0322792586618688
441.08492663405957 0.032854082555990656
442.0853712761227 0.03343586214645497
443.08581591818586 0.03402462767833353
444.086260560249 0.0346204093966981
445.08670520231215 0.03522323754662046
446.0871498443753 0.035833142373172346
447.08759448643843 0.03645015412142557
448.0880391285016 0.037074303036451865
449.0884837705647 0.03770561936332301
450.08892841262787 0.038344133347110794
451.089373054691 0.03898987523288697
452.08981769675415 0.03964287526572329
453.0902623388173 0.04030316369069157
454.09070698088044 0.040970770752863525
455.0911516229435 0.041645726697310925
456.0915962650067 0.04232806176910561
457.0920409070698 0.04301780621331931
458.09248554913296 0.04371499027502378
459.0929301911961 0.044419644199290786
460.09337483325925 0.04513179823119212
461.09381947532233 0.04585148261579951
462.0942641173855 0.046578727592902665
463.0947087594486 0.04731355515039415
464.09515340151177 0.04805596233816912
465.0955980435749 0.048805941513531105
466.09604268563805 0.04956348503378373
467.0964873277012 0.0503285852562305
468.09693196976434 0.051101234538175014
469.0973766118275 0.05188142523692083
470.09782125389063 0.05266914970977151
471.0982658959538 0.05346440031403063
472.0987105380169 0.05426716940700175
473.09915518008006 0.055077449345988426
474.0995998221432 0.05589523248829424
475.10004446420635 0.056720511191222754
476.1004891062695 0.057553277812077516
477.10093374833264 0.05839352470816211
478.1013783903958 0.059241244236780094
479.10182303245887 0.06009642875523498
480.102267674522 0.06095907062083043
481.10271231658515 0.06182916219086997
482.1031569586483 0.06270669582265717
483.10360160071144 0.06359166387349559
484.1040462427746 0.06448405870068878
485.1044908848377 0.06538387266154028
486.1049355269008 0.06629109811335374
487.10538016896396 0.06720572741343267
488.1058248110271 0.06812775291908066
489.10626945309025 0.06905716698760123
490.1067140951534 0.069993961976298
491.10715873721654 0.07093813024247449
492.1076033792797 0.07188966414343431
493.1080480213428 0.07284855603648098
494.10849266340597 0.0738147982789181
495.1089373054691 0.0747883832280492
496.10938194753226 0.07576930324117791
497.1098265895954 0.07675755067560772
498.11027123165854 0.07775311788864223
499.1107158737217 0.078755997237585
500.11116051578483 0.07976618107973962
501.111605157848 0.0807836617724096
502.1120497999111 0.08180843167289856
503.1124944419742 0.08284048313850999
504.11293908403735 0.08387980852654756
505.1133837261005 0.08492640019431477
506.11382836816364 0.08598025049911523
507.1142730102268 0.08704135179825245
508.1147176522899 0.08810969644903005
509.11516229435307 0.08918527680875153
510.1156069364162 0.0902680852347205
511.11605157847936 0.09135811408424052
512.1164962205426 0.09245535571461523
513.1169408626056 0.09355980248314791
514.1173855046687 0.09467144674714248
515.1178301467319 0.09579028086390232
516.118274788795 0.09691629719073108
517.1187194308582 0.09804948808493225
518.1191640729213 0.09918984590380946
519.1196087149845 0.10033736300466618
520.1200533570476 0.10149203174480607
521.1204979991107 0.10265384448153266
522.1209426411739 0.10382279357214949
523.121387283237 0.10499887137396019
524.1218319253002 0.10618207024426826
525.1222765673633 0.10737238254037731
526.1227212094263 0.10856980061959073
527.1231658514896 0.10977431683921254
528.1236104935526 0.11098592355654571
529.1240551356159 0.11220461312889438
530.1244997776789 0.11343037791356159
531.1249444197422 0.1146632102678514
532.1253890618052 0.11590310254604971
533.1258337038685 0.11715004493057926
534.1262783459315 0.11840402160931508
535.1267229879948 0.11966501574466216
536.1271676300578 0.12093301049902432
537.1276122721209 0.12220798903480634
538.1280569141841 0.12348993451441262
539.1285015562472 0.12477883010024746
540.1289461983104 0.1260746589547153
541.1293908403735 0.12737740424022065
542.1298354824366 0.1286870491191678
543.1302801244998 0.1300035767539612
544.1307247665629 0.1313269703070053
545.1311694086261 0.13265721294070446
546.1316140506892 0.13399428781746314
547.1320586927524 0.13533817809968574
548.1325033348155 0.13668886694977667
549.1329479768785 0.13804633753014015
550.1333926189418 0.13941057300318108
551.1338372610048 0.14078155653130328
552.1342819030681 0.14215927127691183
553.1347265451311 0.1435437004024104
554.1351711871944 0.14493482707020414
555.1356158292574 0.14633263444269676
556.1360604713207 0.1477371056822933
557.1365051133837 0.1491482239513976
558.136949755447 0.1505659724124147
559.13739439751 0.15199033422774832
560.1378390395732 0.1534212925598036
561.1382836816363 0.1548588305709842
562.1387283236994 0.1563029314236951
563.1391729657626 0.15775357828034056
564.1396176078257 0.15921075430332493
565.1400622498888 0.16067444265505268
566.140506891952 0.16214462649792816
567.1409515340151 0.16362128899435585
568.1413961760783 0.16510441329635314
569.1418408181414 0.16659397712739069
570.1422854602046 0.16808994390380275
571.1427301022677 0.16959227471259297
572.1431747443308 0.17110093064076487
573.143619386394 0.17261587277532195
574.144064028457 0.1741370622032676
575.1445086705203 0.17566446001160593
576.1449533125833 0.1771980272873398
577.1453979546466 0.17873772511747332
578.1458425967096 0.18028351458900949
579.1462872387729 0.18183535678895255
580.1467318808359 0.1833932128043052
581.1471765228991 0.1849570437220719
582.1476211649622 0.18652681062925525
583.1480658070254 0.18810247461285975
584.1485104490885 0.18968399675988803
585.1489550911517 0.19127133815734448
586.1493997332148 0.19286445989223192
587.1498443752779 0.19446332305155434
588.150289017341 0.1960678887223153
589.1507336594042 0.19767811799151808
590.1511783014673 0.1992939719461664
591.1516229435305 0.20091541167326382
592.1520675855936 0.20254239825981385
593.1525122276568 0.20417489279282
594.1529568697199 0.2058128563592859
595.153401511783 0.20745625004621496
596.1538461538462 0.20910503494061086
597.1542907959093 0.2107591721294771
598.1547354379725 0.21241862269981718
599.1551800800355 0.21408334773863458
600.1556247220988 0.21575330833293327
601.1560693641618 0.2174284655697161
602.156514006225 0.21910878053598742
603.1569586482881 0.22079421424173812
604.1574032903513 0.2224846971264925
605.1578479324144 0.22418008257361127
606.1582925744776 0.2258802120145852
607.1587372165407 0.22758492688090348
608.1591818586039 0.22929406860405707
609.159626500667 0.23100747861553525
610.1600711427301 0.23272499834682872
611.1605157847932 0.2344464692294272
612.1609604268564 0.23617173269482092
613.1614050689195 0.23790063017449986
614.1618497109827 0.23963300309995414
615.1622943530458 0.2413686929026738
616.162738995109 0.243107541014149
617.1631836371721 0.2448493888658696
618.1636282792352 0.24659407788932586
619.1640729212984 0.24834144951600784
620.1645175633615 0.25009134517740556
621.1649622054247 0.25184360630500907
622.1654068474877 0.2535980743303083
623.165851489551 0.25535459068479394
624.166296131614 0.2571129967999552
625.1667407736772 0.25887313410728297
626.1671854157403 0.2606348440382665
627.1676300578035 0.26239796802439663
628.1680746998666 0.2641623474971627
629.1685193419298 0.26592782388805564
630.1689639839929 0.2676942386285645
631.1694086260561 0.2694614331501805
632.1698532681191 0.27122924888439254
633.1702979101824 0.2729975272626918
634.1707425522454 0.2747661097165673
635.1711871943086 0.27653483767750986
636.1716318363717 0.27830355257700934
637.1720764784349 0.2800720958465558
638.172521120498 0.2818403092299893
639.1729657625611 0.28360813138997526
640.1734104046243 0.2853757347014731
641.1738550466874 0.2871433260606197
642.1742996887506 0.2889111123635519
643.1747443308137 0.29067930050640656
644.1751889728769 0.2924480973853206
645.17563361494 0.2942177098964307
646.1760782570032 0.29598834493587384
647.1765228990662 0.29776020939978654
648.1769675411294 0.2995335101843064
649.1774121831925 0.30130845418556934
650.1778568252557 0.303085248299713
651.1783014673188 0.3048640994228735
652.178746109382 0.3066452144511885
653.179190751445 0.3084288002807939
654.1796353935083 0.31021506380782743
655.1800800355713 0.31200421192842515
656.1805246776346 0.3137964515387247
657.1809693196976 0.31559198953486217
658.1814139617609 0.31739103281297504
659.1818586038239 0.3191937882691995
660.182303245887 0.3210004627996729
661.1827478879502 0.32281126330053206
662.1831925300133 0.32462639666791354
663.1836371720765 0.3264460697979545
664.1840818141396 0.32827048958679156
665.1845264562028 0.3300998629305616
666.1849710982659 0.3319343967254015
667.1854157403291 0.33377429786744806
668.1858603823922 0.3356197732528382
669.1863050244554 0.33747102977770865
670.1867496665185 0.3393282743381964
671.1871943085816 0.3411917138304382
672.1876389506447 0.34306155515057074
673.1880835927079 0.34493800488823945
674.188528234771 0.34682119352071444
675.1889728768342 0.3487110758835607
676.1894175188972 0.35060758211708054
677.1898621609605 0.3525106423615777
678.1903068030235 0.3544201867573545
679.1907514450868 0.3563361454447145
680.1911960871498 0.35825844856396016
681.1916407292131 0.36018702625539534
682.1920853712761 0.36212180865932214
683.1925300133393 0.36406272591604427
684.1929746554024 0.3660097081658645
685.1934192974655 0.36796268554908595
686.1938639395287 0.3699215882060115
687.1943085815918 0.37188634627694434
688.194753223655 0.37385688990218746
689.1951978657181 0.37583314922204375
690.1956425077813 0.37781505437681645
691.1960871498444 0.3798025354703487
692.1965317919075 0.38179551446834
693.1969764339707 0.38379389497429506
694.1974210760338 0.38579757807512144
695.1978657180969 0.3878064648577256
696.1983103601601 0.3898204564090155
697.1987550022232 0.3918394538158975
698.1991996442864 0.3938633581652795
699.1996442863494 0.3958920705440677
700.2000889284127 0.39792549203917016
701.2005335704757 0.39996352373749317
702.200978212539 0.40200606672594463
703.201422854602 0.4040530220914311
704.2018674966653 0.40610429092086037
705.2023121387283 0.4081597743011386
706.2027567807916 0.41021937331917396
707.2032014228546 0.4122829890618726
708.2036460649177 0.414350522314853
709.2040907069809 0.41642181279107265
710.204535349044 0.4184965652926877
711.2049799911072 0.4205744665750033
712.2054246331703 0.4226552033933253
713.2058692752335 0.42473846250295877
714.2063139172966 0.42682393065920937
715.2067585593597 0.42891129461738264
716.2072032014229 0.431000241132784
717.207647843486 0.4330904569607189
718.2080924855492 0.4351816288564928
719.2085371276123 0.4372734435754112
720.2089817696753 0.43936558787277924
721.2094264117386 0.4414577485039033
722.2098710538016 0.44354961222408773
723.2103156958649 0.44564086578863893
724.2107603379279 0.4477311959528615
725.2112049799912 0.4498202894720617
726.2116496220542 0.4519078331015444
727.2120942641175 0.45399351359661577
728.2125389061805 0.45607701771258025
729.2129835482438 0.45815803220474444
730.2134281903068 0.4602362438284128
731.21387283237 0.46231133933889174
732.2143174744331 0.4643830054914857
733.2147621164962 0.466450929041501
734.2152067585594 0.4685147967442428
735.2156514006225 0.47057429535501677
736.2160960426856 0.47262911162912785
737.2165406847488 0.4746789323218821
738.2169853268119 0.4767234441885846
739.2174299688751 0.47876233398454104
740.2178746109382 0.4807952884650568
741.2183192530014 0.48282199438543727
742.2187638950645 0.48484213850098795
743.2192085371277 0.48685540850779135
744.2196531791908 0.48886165037920487
745.2200978212538 0.49086104487764975
746.2205424633171 0.4928538153509862
747.2209871053801 0.494840185147073
748.2214317474434 0.4968203776137707
749.2218763895064 0.49879461609893777
750.2223210315697 0.500763123950435
751.2227656736327 0.5027261245161208
752.223210315696 0.5046838411438558
753.223654957759 0.5066364971814988
754.2240995998222 0.5085843159769101
755.2245442418853 0.5105275208779488
756.2249888839484 0.5124663352324748
757.2254335260116 0.5144009823883474
758.2258781680747 0.5163316856934265
759.2263228101378 0.5182586684955717
760.226767452201 0.5201821541426422
761.2272120942641 0.5221023659824982
762.2276567363273 0.5240195273629987
763.2281013783904 0.5259338616320037
764.2285460204536 0.5278455921373728
765.2289906625167 0.5297549422269654
766.2294353045799 0.5316621352486413
767.229879946643 0.5335673945502599
768.2303245887061 0.5354709434796808
769.2307692307693 0.5373730053847638
770.2312138728324 0.5392738036133686
771.2316585148956 0.5411735615133544
772.2321031569587 0.5430725024325809
773.2325477990219 0.5449708497189082
774.232992441085 0.5468688267201952
775.233437083148 0.5487666567843018
776.2338817252112 0.5506645632590877
777.2343263672743 0.5525627694924126
778.2347710093375 0.55446149728681
779.2352156514006 0.5563607495574823
780.2356602934638 0.5582600857668293
781.2361049355269 0.5601590117707217
782.23654957759 0.5620570334250292
783.2369942196532 0.5639536565856222
784.2374388617163 0.565848387108371
785.2378835037795 0.5677407308491461
786.2383281458426 0.5696301936638173
787.2387727879058 0.5715162814082552
788.2392174299689 0.5733984999383299
789.239662072032 0.5752763551099117
790.2401067140952 0.5771493527788708
791.2405513561583 0.5790169988010779
792.2409959982215 0.5808787990324025
793.2414406402846 0.5827342593287151
794.2418852823478 0.5845828855458864
795.2423299244109 0.5864241835397862
796.242774566474 0.588257660127947
797.2432192085372 0.5900829474198335
798.2436638506003 0.5918999258182819
799.2441084926634 0.5937085049577748
800.2445531347265 0.5955085944727954
801.2449977767897 0.5973001039978267
802.2454424188528 0.5990829431673513
803.245887060916 0.6008570216158521
804.2463317029791 0.6026222489778117
805.2467763450422 0.6043785360846404
806.2472209871054 0.6061259435010249
807.2476656291685 0.6078648252721949
808.2481102712317 0.6095955695389531
809.2485549132948 0.6113185644421019
810.248999555358 0.6130341981224435
811.2494441974211 0.6147428587207803
812.2498888394842 0.6164449343779146
813.2503334815474 0.6181408133200275
814.2507781236105 0.6198308940813794
815.2512227656737 0.6215155952038394
816.2516674077368 0.6231953375263196
817.2521120498 0.6248705418877329
818.2525566918631 0.626541629126991
819.2530013339262 0.6282090200830063
820.2534459759894 0.6298731355946908
821.2538906180525 0.6315343965009572
822.2543352601157 0.6331932236407172
823.2547799021787 0.6348500378528831
824.2552245442419 0.6365052599763675
825.255669186305 0.6381593108500824
826.2561138283681 0.6398126113129401
827.2565584704313 0.6414655822038527
828.2570031124944 0.6431186443617326
829.2574477545576 0.6447722186254919
830.2578923966207 0.6464267258340429
831.2583370386839 0.6480825847849947
832.258781680747 0.6497399862853317
833.2592263228102 0.651398688222061
834.2596709648733 0.65305840009303
835.2601156069364 0.6547188313960853
836.2605602489996 0.6563796916290738
837.2610048910627 0.6580406902898427
838.2614495331259 0.6597015368762388
839.261894175189 0.6613619408861091
840.2623388172522 0.6630216118173009
841.2627834593153 0.6646802591676606
842.2632281013784 0.6663375924350354
843.2636727434416 0.6679933211172726
844.2641173855047 0.6696471547122188
845.2645620275679 0.671298802717721
846.265006669631 0.6729479746316263
847.2654513116942 0.6745943799517813
848.2658959537572 0.6762377281760333
849.2663405958203 0.6778777296236367
850.2667852378835 0.6795141797085178
851.2672298799466 0.6811470319311468
852.2676745220098 0.6827762569916345
853.2681191640729 0.6844018255900911
854.2685638061361 0.6860237084266264
855.2690084481992 0.6876418762013514
856.2694530902623 0.689256299614376
857.2698977323255 0.6908669493658104
858.2703423743886 0.6924737961557657
859.2707870164518 0.6940768106843508
860.2712316585149 0.6956759636516768
861.2716763005781 0.6972712257578545
862.2721209426412 0.6988625677029935
863.2725655847044 0.7004499601872042
864.2730102267675 0.7020333739105971
865.2734548688306 0.7036127795732823
866.2738995108938 0.7051881478753702
867.2743441529569 0.7067594495169712
868.2747887950201 0.7083266551981954
869.2752334370832 0.7098897356191533
870.2756780791464 0.711448661479955
871.2761227212095 0.7130034034807108
872.2765673632725 0.7145539323215309
873.2770120053357 0.7161002187025264
874.2774566473988 0.7176422333238064
875.277901289462 0.7191799468854821
876.2783459315251 0.7207133300876638
877.2787905735883 0.7222423536304611
878.2792352156514 0.7237669882139848
879.2796798577145 0.7252872045383452
880.2801244997777 0.7268029733036525
881.2805691418408 0.7283142652100169
882.281013783904 0.7298210509575488
883.2814584259671 0.7313233012463585
884.2819030680303 0.7328209868946762
885.2823477100934 0.734314089366599
886.2827923521565 0.7358026090838645
887.2832369942197 0.737286548424253
888.2836816362828 0.7387659097655451
889.284126278346 0.7402406954855215
890.2845709204091 0.7417109079619623
891.2850155624723 0.7431765495726484
892.2854602045354 0.7446376226953604
893.2859048465986 0.7460941297078783
894.2863494886617 0.7475460729879834
895.2867941307248 0.7489934549134559
896.287238772788 0.7504362778620761
897.287683414851 0.7518745442116249
898.2881280569142 0.753308256339883
899.2885726989773 0.7547374166246302
900.2890173410404 0.756162027443648
901.2894619831036 0.7575820911747162
902.2899066251667 0.7589976101956158
903.2903512672299 0.7604085868841273
904.290795909293 0.761815023618031
905.2912405513562 0.7632169227751073
906.2916851934193 0.7646142867331371
907.2921298354825 0.766007117869901
908.2925744775456 0.7673954185631795
909.2930191196087 0.7687791911907526
910.2934637616719 0.7701584381304015
911.293908403735 0.7715331617599067
912.2943530457982 0.7729033644570484
913.2947976878613 0.7742690485996073
914.2952423299245 0.7756302165653642
915.2956869719876 0.7769868707320992
916.2961316140508 0.778339013477593
917.2965762561139 0.7796866471796263
918.297020898177 0.7810297742159796
919.2974655402402 0.7823683969644335
920.2979101823033 0.7837025178027682
921.2983548243664 0.7850321391087645
922.2987994664295 0.786357263260203
923.2992441084926 0.787677892634864
924.2996887505558 0.7889940296105286
925.3001333926189 0.7903056765649769
926.3005780346821 0.7916128358759894
927.3010226767452 0.792915509921347
928.3014673188084 0.7942137010788297
929.3019119608715 0.7955074117262183
930.3023566029347 0.7967966442412937
931.3028012449978 0.7980814010018358
932.3032458870609 0.7993616843856257
933.3036905291241 0.8006374967704439
934.3041351711872 0.8019088405340707
935.3045798132504 0.8031757180542867
936.3050244553135 0.8044381317088725
937.3054690973767 0.8056960838756082
938.3059137394398 0.8069495769322752
939.306358381503 0.8081986132566537
940.3068030235661 0.8094431952265237
941.3072476656292 0.8106833252196666
942.3076923076924 0.8119190056138623
943.3081369497555 0.813150238786892
944.3085815918187 0.8143770271165354
945.3090262338817 0.8155993729805736
946.3094708759448 0.8168172787567869
947.309915518008 0.8180307468229562
948.3103601600711 0.8192397795568617
949.3108048021343 0.8204443793362843
950.3112494441974 0.821644548539004
951.3116940862606 0.8228402895428019
952.3121387283237 0.8240316047254583
953.3125833703868 0.8252184964647534
954.31302801245 0.8264009671415585
955.3134726545131 0.827579019352669
956.3139172965763 0.8287526560484061
957.3143619386394 0.8299218802118153
958.3148065807026 0.8310866948259422
959.3152512227657 0.8322471028738324
960.3156958648289 0.8334031073385316
961.316140506892 0.8345547112030854
962.3165851489551 0.8357019174505399
963.3170297910183 0.8368447290639398
964.3174744330814 0.8379831490263315
965.3179190751446 0.8391171803207601
966.3183637172077 0.8402468259302718
967.3188083592709 0.8413720888379116
968.319253001334 0.8424929720267256
969.3196976433971 0.8436094784797593
970.3201422854602 0.8447216111800582
971.3205869275233 0.8458293731106681
972.3210315695865 0.8469327672546345
973.3214762116496 0.848031796595003
974.3219208537128 0.8491264641148196
975.3223654957759 0.8502167727971293
976.322810137839 0.8513027256249783
977.3232547799022 0.852384325581412
978.3236994219653 0.8534615756494761
979.3241440640285 0.8545344788122157
980.3245887060916 0.8556030380526772
981.3250333481548 0.8566672563539061
982.3254779902179 0.8577271366989476
983.325922632281 0.8587826820708477
984.3263672743442 0.8598338954526519
985.3268119164073 0.8608807798274059
986.3272565584705 0.8619233381781553
987.3277012005336 0.8629615734879456
988.3281458425968 0.8639954887398225
989.3285904846599 0.8650250869168314
990.329035126723 0.8660503710020185
991.3294797687862 0.8670713439784289
992.3299244108493 0.8680880088291086
993.3303690529125 0.869100368537103
994.3308136949755 0.8701084260854578
995.3312583370387 0.8711121844572187
996.3317029791018 0.8721116466354313
997.332147621165 0.8731068156031409
998.3325922632281 0.8740976943433936
999.3330369052912 0.8750842858392349
1000.3334815473544 0.8760665930737104
1001.3339261894175 0.8770446190298654
1002.3343708314807 0.8780183666907462
1003.3348154735438 0.8789878390393979
1004.335260115607 0.8799530390588662
1005.3357047576701 0.8809139697321968
1006.3361493997332 0.8818706340424355
1007.3365940417964 0.8828230349726278
1008.3370386838595 0.8837711755058192
1009.3374833259227 0.8847150586250554
1010.3379279679858 0.8856546873133821
1011.338372610049 0.8865900645538451
1012.3388172521121 0.8875211933294895
1013.3392618941753 0.8884480766233616
1014.3397065362384 0.8893707174185064
1015.3401511783015 0.8902891186979698
1016.3405958203647 0.8912032834447976
1017.3410404624278 0.8921132146420352
1018.3414851044909 0.8930189152727284
1019.341929746554 0.8939203883199224
1020.3423743886171 0.8948176367666634
1021.3428190306803 0.8957106635959966
1022.3432636727434 0.896599471790968
1023.3437083148066 0.897484064334623
1024.3441529568697 0.8983644442100074
1025.344597598933 0.8992406144001664
1026.345042240996 0.900112577888146
1027.345486883059 0.9009803376569918
1028.3459315251223 0.9018438966897495
1029.3463761671856 0.9027032579694648
1030.3468208092486 0.9035584244791826
1031.3472654513116 0.9044093992019494
1032.3477100933749 0.9052561851208104
1033.3481547354381 0.9060987852188118
1034.3485993775012 0.9069372024789981
1035.3490440195642 0.9077714398844156
1036.3494886616274 0.9086015004181105
1037.3499333036907 0.9094273870631274
1038.3503779457537 0.9102491028025126
1039.3508225878168 0.9110666506193114
1040.35126722988 0.9118800334965694
1041.3517118719433 0.9126892544173326
1042.3521565140063 0.9134943163646462
1043.3526011560693 0.9142952223215561
1044.3530457981324 0.9150919752711079
1045.3534904401956 0.9158845781963469
1046.3539350822589 0.9166730340803194
1047.354379724322 0.9174573459060704
1048.354824366385 0.9182375166566459
1049.3552690084482 0.9190135493150914
1050.3557136505115 0.9197854468644526
1051.3561582925745 0.9205532122877748
1052.3566029346375 0.9213168485681038
1053.3570475767008 0.9220763586884858
1054.357492218764 0.9228317456319659
1055.357936860827 0.9235830123815896
1056.35838150289 0.9243301619204023
1057.3588261449534 0.9250731972314507
1058.3592707870166 0.9258121212977793
1059.3597154290796 0.9265469371024343
1060.3601600711427 0.927277647628461
1061.360604713206 0.9280042558589059
1062.3610493552692 0.9287267647768136
1063.3614939973322 0.9294451773652301
1064.3619386393952 0.9301594966072009
1065.3623832814585 0.930869725485772
1066.3628279235218 0.9315758669839885
1067.3632725655848 0.9322779240848965
1068.3637172076478 0.9329758997715414
1069.3641618497109 0.933669797026969
1070.364606491774 0.9343596188342247
1071.3650511338374 0.9350453681763542
1072.3654957759004 0.9357270480364034
1073.3659404179634 0.9364046613974175
1074.3663850600267 0.9370782112424423
1075.36682970209 0.9377477005545237
1076.367274344153 0.9384131323167068
1077.367718986216 0.9390745095120376
1078.3681636282793 0.9397318351235616
1079.3686082703425 0.9403851121343244
1080.3690529124056 0.941034343527372
1081.3694975544686 0.9416795322857494
1082.3699421965318 0.9423206813925029
1083.370386838595 0.9429577938306777
1084.3708314806581 0.9435908725833192
1085.3712761227212 0.9442199206334736
1086.3717207647844 0.9448449409641863
1087.3721654068477 0.9454659365585029
1088.3726100489107 0.9460829103994689
1089.3730546909737 0.94669586547013
1090.373499333037 0.9473048047535322
1091.3739439751002 0.9479097312327207
1092.3743886171633 0.9485106478907412
1093.3748332592263 0.9491075577106391
1094.3752779012893 0.9497004637285102
1095.3757225433526 0.9502893713816971
1096.3761671854159 0.9508742894384697
1097.3766118274789 0.951455226912347
1098.377056469542 0.9520321928168476
1099.3775011116052 0.9526051961654908
1100.3779457536684 0.9531742459717957
1101.3783903957315 0.9537393512492808
1102.3788350377945 0.9543005210114657
1103.3792796798577 0.954857764271869
1104.379724321921 0.9554110900440104
1105.380168963984 0.955960507341408
1106.380613606047 0.9565060251775813
1107.3810582481103 0.9570476525660494
1108.3815028901736 0.9575853985203309
1109.3819475322366 0.9581192720539451
1110.3823921742996 0.9586492821804107
1111.382836816363 0.9591754379132478
1112.3832814584262 0.9596977482659738
1113.3837261004892 0.9602162222521088
1114.3841707425522 0.9607308688851711
1115.3846153846155 0.9612416971786806
1116.3850600266785 0.9617487161461555
1117.3855046687418 0.9622519348011153
1118.3859493108048 0.9627513621570789
1119.3863939528678 0.9632470072275652
1120.386838594931 0.9637388790260932
1121.3872832369943 0.9642269865661819
1122.3877278790574 0.9647113388613505
1123.3881725211204 0.9651919449251177
1124.3886171631837 0.9656688137710029
1125.389061805247 0.9661419544125252
1126.38950644731 0.9666113758632028
1127.389951089373 0.9670770871365554
1128.3903957314362 0.967539097246102
1129.3908403734995 0.9679974152053611
1130.3912850155625 0.9684520500278521
1131.3917296576255 0.9689030107270943
1132.3921742996888 0.9693503063166062
1133.392618941752 0.969793945809907
1134.393063583815 0.9702339382205156
1135.3935082258781 0.970670292561951
1136.3939528679414 0.9711030178477329
1137.3943975100046 0.971532123091379
1138.3948421520677 0.9719576173064095
1139.3952867941307 0.9723795095063429
1140.3957314361937 0.972797808704698
1141.396176078257 0.9732125239149945
1142.3966207203202 0.9736236641507507
1143.3970653623833 0.974031238425486
1144.3975100044463 0.9744352557527192
1145.3979546465096 0.9748357251459693
1146.3983992885728 0.9752326556187556
1147.3988439306358 0.9756260561845971
1148.3992885726989 0.9760159358570121
1149.3997332147621 0.9764023036495207
1150.4001778568254 0.9767851685756411
1151.4006224988884 0.9771645396488927
1152.4010671409515 0.977540425882794
1153.4015117830147 0.9779128362908649
1154.401956425078 0.9782817798866238
1155.402401067141 0.9786472656835895
1156.402845709204 0.9790093026952814
1157.4032903512673 0.9793678999352187
1158.4037349933305 0.97972306641692
1159.4041796353936 0.9800748111539044
1160.4046242774566 0.980423143159691
1161.4050689195199 0.9807680714477988
1162.4055135615831 0.9811096050317468
1163.4059582036462 0.9814477529250539
1164.4064028457092 0.9817825241412391
1165.4068474877722 0.9821139276938216
1166.4072921298355 0.9824419725963204
1167.4077367718987 0.9827666678622545
1168.4081814139618 0.9830880225051426
1169.4086260560248 0.983406045538504
1170.409070698088 0.9837207459758579
1171.4095153401513 0.9840321328307227
1172.4099599822143 0.9843402151166178
1173.4104046242774 0.9846450018470626
1174.4108492663406 0.9849465020355757
1175.4112939084039 0.9852447246956759
1176.411738550467 0.9855396788408824
1177.41218319253 0.9858313734847144
1178.4126278345932 0.9861198176406907
1179.4130724766565 0.9864050203223299
1180.4135171187195 0.9866869905431519
1181.4139617607825 0.9869657373166751
1182.4144064028458 0.9872412696564189
1183.414851044909 0.9875135965759019
1184.415295686972 0.9877827270886433
1185.415740329035 0.9880486702081621
1186.4161849710983 0.9883114349479774
1187.4166296131616 0.9885710303216082
1188.4170742552246 0.9888274653425734
1189.4175188972877 0.989080749024392
1190.4179635393507 0.9893308903805829
1191.418408181414 0.9895778984246655
1192.4188528234772 0.9898217821701585
1193.4192974655402 0.9900625506305808
1194.4197421076033 0.9903002128194522
1195.4201867496665 0.9905347777502904
1196.4206313917298 0.9907662544366155
1197.4210760337928 0.9909946518919461
1198.4215206758558 0.9912199791298012
1199.421965317919 0.9914422451637
1200.4224099599824 0.9916614590071612
1201.4228546020454 0.991877629673704
1202.4232992441084 0.9920907661768473
1203.4237438861717 0.9923008775301103
1204.424188528235 0.9925079727470121
1205.424633170298 0.9927120608410713
1206.425077812361 0.992913150825807
1207.4255224544243 0.9931112517147384
1208.4259670964875 0.9933063725213847
1209.4264117385505 0.9934985222592643
1210.4268563806136 0.9936877099418968
1211.4273010226768 0.9938739445828009
1212.42774566474 0.9940572351954956
1213.4281903068031 0.9942375907935
1214.4286349488661 0.9944150203903331
1215.4290795909292 0.9945895329995141
1216.4295242329924 0.9947611376345616
1217.4299688750557 0.9949298433089948
1218.4304135171187 0.9950956590363329
1219.4308581591818 0.9952585938300949
1220.431302801245 0.9954186567037996
1221.4317474433083 0.9955758566709657
1222.4321920853713 0.995730202745113
1223.4326367274343 0.9958817039397599
1224.4330813694976 0.9960303692684257
1225.4335260115608 0.9961762077446293
1226.4339706536239 0.9963192283818898
1227.434415295687 0.9964594401937259
1228.4348599377502 0.9965968521936568
1229.4353045798134 0.996731473395202
1230.4357492218764 0.9968633128118795
1231.4361938639395 0.9969923794572092
1232.4366385060027 0.9971186823447098
1233.437083148066 0.9972422304879001
1234.437527790129 0.9973630329002994
1235.437972432192 0.9974810985485598
1236.4384170742553 0.9975964349265266
1237.4388617163186 0.9977090477953637
1238.4393063583816 0.9978189428169617
1239.4397510004446 0.9979261256532125
1240.4401956425077 0.9980306019660073
1241.440640284571 0.9981323774172371
1242.4410849266342 0.9982314576687938
1243.4415295686972 0.9983278483825679
1244.4419742107602 0.9984215552204511
1245.4424188528235 0.9985125838443349
1246.4428634948868 0.9986009399161101
1247.4433081369498 0.9986866290976683
1248.4437527790128 0.9987696570509006
1249.444197421076 0.9988500294376986
1250.4446420631393 0.9989277519199532
1251.4450867052024 0.9990028301595559
1252.4455313472654 0.9990752698183979
1253.4459759893286 0.9991450765583705
1254.446420631392 0.9992122560413649
1255.446865273455 0.9992768139292728
1256.447309915518 0.9993387558839849
1257.4477545575812 0.9993980875673928
1258.4481991996445 0.9994548146413877
1259.4486438417075 0.999508942767861
1260.4490884837705 0.9995604776087041
1261.4495331258338 0.9996094248258077
1262.4499777678968 0.9996557900810638
1263.45042240996 0.9996995790363631
1264.450867052023 0.9997407973535973
1265.4513116940861 0.9997794506946576
1266.4517563361494 0.999815544721435
1267.4522009782127 0.9998490850958214
1268.4526456202757 0.9998800774797069
1269.4530902623387 0.9999085275349843
1270.453534904402 0.9999344409235438
1271.4539795464652 0.9999578233072772
1272.4544241885283 0.9999786803480756
1273.4548688305913 0.9999970177078301
1274.4553134726546 1.0000128410484324
1275.4557581147176 1.0000261560317734
1276.4562027567808 1.000036968319745
1277.4566473988439 1.0000452835742375
1278.4570920409071 1.0000511074571425
1279.4575366829702 1.0000544456303524
1280.4579813250334 1.000055303755757
1281.4584259670964 1.0000536874952484
1282.4588706091597 1.000049602510717
1283.4593152512227 1.0000430544640555
1284.459759893286 1.0000340490171542
1285.460204535349 1.0000225918319048
1286.4606491774123 1.0000086885701982
1287.4610938194753 0.9999923448939255
1288.4615384615386 0.999973566464979
1289.4619831036016 0.999952358945249
1290.4624277456649 0.9999287279966274
1291.4628723877279 0.9999026792810051
1292.4633170297911 0.9998742184602732
1293.4637616718542 0.9998433511963236
1294.4642063139174 0.9998100831510472
1295.4646509559805 0.9997744199863353
1296.4650955980437 0.9997363673640792
1297.4655402401067 0.9996959309461706
1298.46598488217 0.9996531163944998
1299.466429524233 0.9996079293709593
1300.466874166296 0.9995603755374391
1301.4673188083593 0.9995104605558317
1302.4677634504224 0.9994581900880278
1303.4682080924856 0.9994035697959185
1304.4686527345486 0.9993466053413953
1305.469097376612 0.9992873023863494
1306.469542018675 0.9992256665926726
1307.4699866607382 0.9991617036222556
1308.4704313028012 0.9990954191369898
1309.4708759448645 0.9990268187987663
1310.4713205869275 0.9989559082694771
1311.4717652289908 0.9988826932110125
1312.4722098710538 0.9988071792852646
1313.472654513117 0.9987293721541243
1314.47309915518 0.998649277479483
1315.4735437972433 0.9985669009232319
1316.4739884393064 0.9984822481472622
1317.4744330813696 0.9983953248134654
1318.4748777234327 0.9983061365837327
1319.475322365496 0.9982146891199551
1320.475767007559 0.9981209880840246
1321.4762116496222 0.9980250391378318
1322.4766562916852 0.9979268479432679
1323.4771009337483 0.9978264201622252
1324.4775455758115 0.9977237614565939
1325.4779902178745 0.9976188774882658
1326.4784348599378 0.997511773919132
1327.4788795020008 0.9974024564110838
1328.479324144064 0.9972909306260126
1329.4797687861271 0.9971772022258097
1330.4802134281904 0.9970612768723662
1331.4806580702534 0.9969431602275735
1332.4811027123167 0.996822857953323
1333.4815473543797 0.9967003757115056
1334.481991996443 0.996575719164013
1335.482436638506 0.9964488939727361
1336.4828812805692 0.9963199057995666
1337.4833259226323 0.9961887603063956
1338.4837705646955 0.9960554631551142
1339.4842152067586 0.9959200200076141
1340.4846598488218 0.9957824365257861
1341.4851044908849 0.9956427183715222
1342.485549132948 0.9955008712067125
1343.4859937750111 0.9953569006932492
1344.4864384170744 0.9952108124930236
1345.4868830591374 0.9950626122679267
1346.4873277012007 0.9949123056798496
1347.4877723432637 0.9947598983906842
1348.4882169853267 0.9946053960623216
1349.48866162739 0.9944488043566524
1350.489106269453 0.9942901289355686
1351.4895509115163 0.994129375460961
1352.4899955535793 0.9939665495947215
1353.4904401956426 0.993801656998741
1354.4908848377056 0.9936347033349104
1355.4913294797689 0.993465694265122
1356.491774121832 0.993294635451266
1357.4922187638952 0.9931215325552345
1358.4926634059582 0.9929463912389183
1359.4931080480214 0.9927692171642089
1360.4935526900845 0.9925900159929977
1361.4939973321477 0.9924087933871754
1362.4944419742108 0.9922255550086339
1363.494886616274 0.9920403065192641
1364.495331258337 0.9918530535809578
1365.4957759004003 0.9916638018556057
1366.4962205424633 0.9914725570050995
1367.4966651845266 0.99127932469133
1368.4971098265896 0.9910841105761891
1369.4975544686529 0.9908869203215676
1370.497999110716 0.9906877595893572
1371.4984437527792 0.9904866340414487
1372.4988883948422 0.9902835493397338
1373.4993330369052 0.9900785111461035
1374.4997776789685 0.9898715251224492
1375.5002223210315 0.989662596946308
1376.5006669630948 0.9894517326550675
1377.5011116051578 0.9892389386459663
1378.501556247221 0.9890242213318888
1379.502000889284 0.9888075871257191
1380.5024455313473 0.9885890424403417
1381.5028901734104 0.9883685936886407
1382.5033348154736 0.9881462472835008
1383.5037794575367 0.9879220096378054
1384.5042240996 0.9876958871644393
1385.504668741663 0.9874678862762871
1386.5051133837262 0.9872380133862328
1387.5055580257892 0.9870062749071606
1388.5060026678525 0.9867726772519548
1389.5064473099155 0.9865372268335
1390.5068919519788 0.9862999300646796
1391.5073365940418 0.9860607933583789
1392.507781236105 0.9858198231274817
1393.508225878168 0.9855770257848724
1394.5086705202314 0.985332407743435
1395.5091151622944 0.9850859754160542
1396.5095598043574 0.9848377352156141
1397.5100044464207 0.9845876935549992
1398.5104490884837 0.9843358568470931
1399.510893730547 0.9840822315047806
1400.51133837261 0.9838268239409461
1401.5117830146733 0.9835696405684735
1402.5122276567363 0.9833106878002476
1403.5126722987995 0.9830499720491521
1404.5131169408626 0.9827874997280714
1405.5135615829258 0.98252327724989
1406.5140062249889 0.9822573110274924
1407.5144508670521 0.9819896074737622
1408.5148955091151 0.9817201730015842
1409.5153401511784 0.9814490140238423
1410.5157847932414 0.9811761369534217
1411.5162294353047 0.9809015482032055
1412.5166740773677 0.9806252541860784
1413.517118719431 0.9803472613149249
1414.517563361494 0.9800675760026291
1415.5180080035573 0.9797862046620754
1416.5184526456203 0.9795031537061478
1417.5188972876836 0.979218429547731
1418.5193419297466 0.9789320385997092
1419.5197865718098 0.9786439872749662
1420.5202312138729 0.978354281986387
1421.520675855936 0.9780629291468553
1422.5211204979992 0.9777699351692555
1423.5215651400622 0.9774753064664722
1424.5220097821255 0.9771790494513894
1425.5224544241885 0.9768811705368913
1426.5228990662517 0.9765816761358623
1427.5233437083148 0.9762805726611867
1428.523788350378 0.9759778665257489
1429.524232992441 0.9756735641424328
1430.5246776345043 0.9753676719241233
1431.5251222765673 0.9750601962837042
1432.5255669186306 0.9747511436340599
1433.5260115606936 0.9744405203880746
1434.526456202757 0.9741283329586327
1435.52690084482 0.9738145877586186
1436.5273454868832 0.973499291200916
1437.5277901289462 0.9731824496984097
1438.5282347710095 0.9728640696639842
1439.5286794130725 0.9725441575105236
1440.5291240551358 0.9722227196509116
1441.5295686971988 0.971899762498033
1442.530013339262 0.9715752924647721
1443.530457981325 0.9712493159640131
1444.5309026233883 0.9709218394086403
1445.5313472654514 0.9705928692115378
1446.5317919075144 0.9702624117855903
1447.5322365495776 0.9699304735436816
1448.5326811916407 0.9695970608986962
1449.533125833704 0.9692621802635184
1450.533570475767 0.9689258380510326
1451.5340151178302 0.9685880406741227
1452.5344597598933 0.9682487945456733
1453.5349044019565 0.9679081060785686
1454.5353490440195 0.9675659816856933
1455.5357936860828 0.9672224277799306
1456.5362383281458 0.9668774507741658
1457.536682970209 0.9665310570812826
1458.5371276122721 0.9661832531141655
1459.5375722543354 0.965834045285699
1460.5380168963984 0.9654834400087671
1461.5384615384617 0.9651314436962541
1462.5389061805247 0.9647780627610444
1463.539350822588 0.9644233036160222
1464.539795464651 0.9640671726740717
1465.5402401067142 0.9637096763480774
1466.5406847487773 0.9633508210509234
1467.5411293908405 0.9629906131954937
1468.5415740329036 0.9626290591946735
1469.5420186749668 0.962266165461346
1470.5424633170298 0.9619019384083962
1471.5429079590929 0.9615363844487081
1472.5433526011561 0.9611695099951663
1473.5437972432192 0.9608013214606543
1474.5442418852824 0.9604318252580575
1475.5446865273454 0.9600610278002591
1476.5451311694087 0.9596889355001439
1477.5455758114717 0.9593155547705963
1478.546020453535 0.9589408920245005
1479.546465095598 0.9585649536747404
1480.5469097376613 0.958187746134201
1481.5473543797243 0.9578092758157658
1482.5477990217876 0.9574295491323197
1483.5482436638506 0.9570485724967465
1484.5486883059139 0.9566663523219309
1485.549132947977 0.9562828950207567
1486.5495775900401 0.9558982070061087
1487.5500222321032 0.9555122946908708
1488.5504668741664 0.9551251644879277
1489.5509115162295 0.9547368228101631
1490.5513561582927 0.9543472760704619
1491.5518008003557 0.9539565306817079
1492.552245442419 0.9535645930567856
1493.552690084482 0.9531714696085792
1494.553134726545 0.952777166749973
1495.5535793686083 0.9523816908938512
1496.5540240106714 0.9519850484530985
1497.5544686527346 0.9515872458405985
1498.5549132947976 0.9511882894692361
1499.555357936861 0.9507881857518952
1500.555802578924 0.9503869411014602
1501.5562472209872 0.9499845619308153
1502.5566918630502 0.949581054652845
1503.5571365051135 0.9491764256804334
1504.5575811471765 0.9487706814264647
1505.5580257892398 0.9483638283038235
1506.5584704313028 0.947955872725394
1507.558915073366 0.9475468211040599
1508.559359715429 0.9471366798527062
1509.5598043574923 0.9467254553842172
1510.5602489995554 0.9463131541114765
1511.5606936416186 0.9458997824473692
1512.5611382836817 0.9454853468047788
1513.561582925745 0.9450698535965901
1514.562027567808 0.9446533092356871
1515.5624722098712 0.9442357201349545
1516.5629168519342 0.9438170926352557
1517.5633614939975 0.9433974318227696
1518.5638061360605 0.9429767417184118
1519.5642507781236 0.9425550263092807
1520.5646954201868 0.9421322895824744
1521.5651400622498 0.9417085355250917
1522.565584704313 0.9412837681242311
1523.5660293463761 0.9408579913669906
1524.5664739884394 0.9404312092404689
1525.5669186305024 0.9400034257317642
1526.5673632725657 0.9395746448279753
1527.5678079146287 0.9391448705162003
1528.568252556692 0.9387141067835374
1529.568697198755 0.9382823576170857
1530.5691418408182 0.9378496270039433
1531.5695864828813 0.937415918931208
1532.5700311249445 0.936981237385979
1533.5704757670076 0.9365455863553546
1534.5709204090708 0.9361089698264328
1535.5713650511339 0.9356713917863126
1536.571809693197 0.9352328562220918
1537.5722543352601 0.9347933671208692
1538.5726989773234 0.9343529284697433
1539.5731436193864 0.9339115442558124
1540.5735882614497 0.9334692184661746
1541.5740329035127 0.9330259550879287
1542.574477545576 0.9325817581081731
1543.574922187639 0.9321366315140059
1544.575366829702 0.9316905792925261
1545.5758114717653 0.9312436054308312
1546.5762561138283 0.9307957139160203
1547.5767007558916 0.9303469087351918
1548.5771453979546 0.9298971938754439
1549.5775900400179 0.9294465733238753
1550.578034682081 0.928995051067584
1551.5784793241442 0.9285426310936684
1552.5789239662072 0.9280893173892274
1553.5793686082704 0.9276351139413591
1554.5798132503335 0.927180024737162
1555.5802578923967 0.9267240537637345
1556.5807025344598 0.9262672050081749
1557.581147176523 0.9258094824575817
1558.581591818586 0.9253508900990535
1559.5820364606493 0.9248914319196881
1560.5824811027123 0.9244311119065848
1561.5829257447756 0.9239699340468412
1562.5833703868386 0.9235079023275566
1563.5838150289019 0.9230450207358285
1564.584259670965 0.9225812932587558
1565.5847043130282 0.9221167238834367
1566.5851489550912 0.9216513165969699
1567.5855935971542 0.9211850753864537
1568.5860382392175 0.9207180042389864
1569.5864828812805 0.9202501071416662
1570.5869275233438 0.9197813880815922
1571.5873721654068 0.919311851045862
1572.58781680747 0.9188415000215747
1573.588261449533 0.9183703389958284
1574.5887060915964 0.9178983719557217
1575.5891507336594 0.9174256028883525
1576.5895953757226 0.9169520357808199
1577.5900400177857 0.9164776746202219
1578.590484659849 0.9160025233936568
1579.590929301912 0.9155265860882237
1580.5913739439752 0.9150498666910198
1581.5918185860382 0.914572369189145
1582.5922632281015 0.9140940975696966
1583.5927078701645 0.9136150558197733
1584.5931525122278 0.9131352479264738
1585.5935971542908 0.9126546778768962
1586.594041796354 0.9121733496581391
1587.594486438417 0.9116912672573009
1588.5949310804804 0.9112084346614798
1589.5953757225434 0.9107248558577744
1590.5958203646067 0.910240534833283
1591.5962650066697 0.9097554755751042
1592.5967096487327 0.9092696820703364
1593.597154290796 0.9087831583060777
1594.597598932859 0.908295908269427
1595.5980435749223 0.9078079359474824
1596.5984882169853 0.9073192453273421
1597.5989328590485 0.9068298403961051
1598.5993775011116 0.9063397251408694
1599.5998221431748 0.9058489035487333
1600.6002667852379 0.905357379606796
1601.6007114273011 0.9048651573021546
1602.6011560693642 0.9043722406219086
1603.6016007114274 0.9038786335531561
1604.6020453534904 0.9033843400829954
1605.6024899955537 0.9028893641985251
1606.6029346376167 0.9023937098868435
1607.60337927968 0.9018973811350486
1608.603823921743 0.9014003819302397
1609.6042685638063 0.9009027162595149
1610.6047132058693 0.9004043881099721
1611.6051578479326 0.8999054014687102
1612.6056024899956 0.8994057603228276
1613.6060471320588 0.8989054686594223
1614.6064917741219 0.8984045304655932
1615.6069364161851 0.8979029497284389
1616.6073810582482 0.8974007304350571
1617.6078257003112 0.8968978765725466
1618.6082703423745 0.8963943921280059
1619.6087149844375 0.8958902810885332
1620.6091596265007 0.8953855474412268
1621.6096042685638 0.8948801951731858
1622.610048910627 0.8943742282715079
1623.61049355269 0.8938676507232917
1624.6109381947533 0.8933604665156356
1625.6113828368163 0.8928526796356383
1626.6118274788796 0.892344294070398
1627.6122721209426 0.8918353138070129
1628.612716763006 0.8913257428325817
1629.613161405069 0.8908155851342028
1630.6136060471322 0.8903048446989744
1631.6140506891952 0.8897935255139954
1632.6144953312585 0.8892816315663639
1633.6149399733215 0.8887691668431779
1634.6153846153848 0.8882561353315362
1635.6158292574478 0.8877425410185376
1636.616273899511 0.88722838789128
1637.616718541574 0.8867136799368621
1638.6171631836373 0.8861984211423818
1639.6176078257004 0.8856826154949381
1640.6180524677634 0.8851662669816293
1641.6184971098266 0.8846493795895536
1642.6189417518897 0.8841319573058095
1643.619386393953 0.8836140041174954
1644.619831036016 0.8830955240117101
1645.6202756780792 0.8825765209755513
1646.6207203201423 0.882056998996118
1647.6211649622055 0.8815369620605084
1648.6216096042685 0.8810164141558208
1649.6220542463318 0.8804953592691536
1650.6224988883948 0.8799738013876056
1651.622943530458 0.8794517444982747
1652.6233881725211 0.8789291925882599
1653.6238328145844 0.8784061496446591
1654.6242774566474 0.8778826196545709
1655.6247220987107 0.8773586066050938
1656.6251667407737 0.8768341144833262
1657.625611382837 0.8763091472156034
1658.6260560249 0.8757837079043966
1659.6265006669632 0.8752577990589533
1660.6269453090263 0.8747314231754529
1661.6273899510895 0.8742045827500743
1662.6278345931526 0.8736772802789962
1663.6282792352158 0.8731495182583979
1664.6287238772788 0.8726212991844586
1665.6291685193419 0.8720926255533571
1666.6296131614051 0.8715634998612722
1667.6300578034682 0.8710339246043836
1668.6305024455314 0.8705039022788696
1669.6309470875944 0.8699734353809094
1670.6313917296577 0.8694425264066823
1671.6318363717207 0.868911177852367
1672.632281013784 0.8683793922141428
1673.632725655847 0.8678471719881885
1674.6331702979103 0.8673145196706833
1675.6336149399733 0.8667814377578061
1676.6340595820366 0.8662479287457358
1677.6345042240996 0.8657139951306522
1678.6349488661629 0.865179639408733
1679.635393508226 0.8646448640761581
1680.6358381502891 0.8641096716291063
1681.6362827923522 0.8635740645637571
1682.6367274344154 0.8630380453762888
1683.6371720764785 0.8625016165628804
1684.6376167185417 0.8619647806197116
1685.6380613606048 0.8614275400429611
1686.638506002668 0.8608898973288077
1687.638950644731 0.8603518549734307
1688.6393952867943 0.8598134154730087
1689.6398399288573 0.8592745813237215
1690.6402845709204 0.8587353550217475
1691.6407292129836 0.8581957390632656
1692.6411738550466 0.8576557359444554
1693.64161849711 0.8571153481614958
1694.642063139173 0.8565745782105654
1695.6425077812362 0.8560334285878435
1696.6429524232992 0.8554919017895093
1697.6433970653625 0.8549500003117412
1698.6438417074255 0.8544077266507187
1699.6442863494888 0.8538650833026209
1700.6447309915518 0.853322072763627
1701.645175633615 0.8527786975299153
1702.645620275678 0.8522349600976653
1703.6460649177413 0.8516908629630557
1704.6465095598044 0.8511464086222661
1705.6469542018676 0.8506015995714753
1706.6473988439307 0.8500564383068618
1707.647843485994 0.8495109273246052
1708.648288128057 0.8489650691208845
1709.6487327701202 0.8484188661918785
1710.6491774121832 0.8478723210337664
1711.6496220542465 0.8473254361427269
1712.6500666963095 0.8467782140149392
1713.6505113383726 0.8462306571465825
1714.6509559804358 0.8456827680338357
1715.6514006224988 0.845134549172878
1716.651845264562 0.8445860030598878
1717.6522899066251 0.8440371321910448
1718.6527345486884 0.8434879390625277
1719.6531791907514 0.8429384261705155
1720.6536238328147 0.8423885960111877
1721.6540684748777 0.8418384510807226
1722.654513116941 0.8412879938752995
1723.654957759004 0.8407372268910979
1724.6554024010672 0.840186152624296
1725.6558470431303 0.8396347735710734
1726.6562916851935 0.8390830922276089
1727.6567363272566 0.8385311110900815
1728.6571809693198 0.8379788326546701
1729.6576256113829 0.8374262594175544
1730.658070253446 0.8368733938749124
1731.6585148955091 0.836320238522924
1732.6589595375724 0.8357667958577679
1733.6594041796354 0.8352130683756229
1734.6598488216987 0.8346590585726684
1735.6602934637617 0.8341047689450832
1736.660738105825 0.8335502019890462
1737.661182747888 0.8329953602007367
1738.661627389951 0.8324402460763336
1739.6620720320143 0.8318848621120161
1740.6625166740773 0.8313292108039629
1741.6629613161406 0.8307732946483531
1742.6634059582036 0.8302171161413658
1743.6638506002669 0.8296606777791798
1744.66429524233 0.829103982057975
1745.6647398843932 0.8285470314739293
1746.6651845264562 0.8279898285232222
1747.6656291685194 0.8274323757020327
1748.6660738105825 0.8268746755065399
1749.6665184526457 0.8263167304329226
1750.6669630947088 0.8257585429773603
1751.667407736772 0.8252001156360312
1752.667852378835 0.8246414509051152
1753.6682970208983 0.8240825512807907
1754.6687416629613 0.8235234192592369
1755.6691863050246 0.8229640573366331
1756.6696309470876 0.8224044680091581
1757.6700755891509 0.8218446537729908
1758.670520231214 0.8212846171243103
1759.6709648732772 0.8207243605592957
1760.6714095153402 0.8201638865741263
1761.6718541574035 0.8196031976649804
1762.6722987994665 0.8190422963280375
1763.6727434415295 0.8184811850594766
1764.6731880835928 0.8179198663554768
1765.6736327256558 0.8173583427122169
1766.674077367719 0.8167966166258758
1767.674522009782 0.8162346905926331
1768.6749666518454 0.8156725671086672
1769.6754112939084 0.8151102486701574
1770.6758559359716 0.8145477377732827
1771.6763005780347 0.8139850369142222
1772.676745220098 0.8134221485891548
1773.677189862161 0.8128590752942596
1774.6776345042242 0.8122958195257156
1775.6780791462872 0.8117323837797018
1776.6785237883505 0.8111687705523972
1777.6789684304135 0.8106049823399809
1778.6794130724768 0.8100410216386318
1779.6798577145398 0.8094768909445291
1780.680302356603 0.8089125927538514
1781.680746998666 0.8083481295627785
1782.6811916407294 0.8077835038674887
1783.6816362827924 0.8072187181641615
1784.6820809248557 0.8066537749489754
1785.6825255669187 0.8060886767181099
1786.6829702089817 0.8055234259677436
1787.683414851045 0.8049580251940562
1788.683859493108 0.8043924768932262
1789.6843041351713 0.8038267835614323
1790.6847487772343 0.8032609476948543
1791.6851934192975 0.8026949717896706
1792.6856380613606 0.802128858342061
1793.6860827034238 0.8015626098482035
1794.6865273454869 0.8009962288042779
1795.6869719875501 0.8004297177064628
1796.6874166296132 0.7998630790509372
1797.6878612716764 0.7992963153338805
1798.6883059137394 0.7987294290419676
1799.6887505558027 0.798162422559525
1800.6891951978657 0.7975952982085163
1801.689639839929 0.7970280583100189
1802.690084481992 0.7964607051851101
1803.6905291240553 0.7958932411548668
1804.6909737661183 0.7953256685403666
1805.6914184081816 0.7947579896626866
1806.6918630502446 0.7941902068429043
1807.6923076923078 0.7936223224020963
1808.6927523343709 0.7930543386613407
1809.6931969764341 0.7924862579417139
1810.6936416184972 0.7919180825642941
1811.6940862605602 0.7913498148501579
1812.6945309026235 0.7907814571203825
1813.6949755446865 0.7902130116960457
1814.6954201867497 0.789644480898224
1815.6958648288128 0.7890758670479954
1816.696309470876 0.7885071724664365
1817.696754112939 0.7879383994746253
1818.6971987550023 0.7873695503936385
1819.6976433970653 0.7868006275445533
1820.6980880391286 0.7862316332484476
1821.6985326811916 0.7856625698263977
1822.698977323255 0.7850934395994815
1823.699421965318 0.784524244888776
1824.6998666073812 0.7839549880153586
1825.7003112494442 0.7833856713003068
1826.7007558915075 0.7828162970646972
1827.7012005335705 0.7822468676296074
1828.7016451756338 0.781677385316115
1829.7020898176968 0.7811078524452967
1830.70253445976 0.78053827133823
1831.702979101823 0.7799686443159922
1832.7034237438863 0.77939897369966
1833.7038683859494 0.7788292618103119
1834.7043130280126 0.7782595109690239
1835.7047576700757 0.777689723496874
1836.7052023121387 0.777119901714939
1837.705646954202 0.7765500479442965
1838.706091596265 0.7759801645060236
1839.7065362383282 0.7754102537211972
1840.7069808803913 0.7748403179108956
1841.7074255224545 0.7742703593961946
1842.7078701645175 0.7737003804981726
1843.7083148065808 0.7731303835379065
1844.7087594486438 0.7725603708364736
1845.709204090707 0.7719903447149508
1846.7096487327701 0.7714203074944158
1847.7100933748334 0.7708502614959456
1848.7105380168964 0.7702802090406177
1849.7109826589597 0.7697101524495091
1850.7114273010227 0.7691400940436971
1851.711871943086 0.7685700361442591
1852.712316585149 0.7679999810722722
1853.7127612272122 0.7674299311488136
1854.7132058692753 0.7668598886949609
1855.7136505113385 0.7662898560317907
1856.7140951534016 0.7657198354803813
1857.7145397954648 0.7651498293618089
1858.7149844375278 0.7645798399971512
1859.715429079591 0.7640098697074854
1860.7158737216541 0.7634399208138889
1861.7163183637172 0.7628699956374388
1862.7167630057804 0.7623000964992124
1863.7172076478435 0.761730225720287
1864.7176522899067 0.7611603856217396
1865.7180969319697 0.7605905785246478
1866.718541574033 0.7600208067500887
1867.718986216096 0.7594510726191396
1868.7194308581593 0.7588813784528775
1869.7198755002223 0.7583117265723801
1870.7203201422856 0.7577421192987244
1871.7207647843486 0.7571725589529875
1872.7212094264119 0.7566030478562468
1873.721654068475 0.7560335883295797
1874.7220987105381 0.7554641826940635
1875.7225433526012 0.7548948332707751
1876.7229879946644 0.7543255423807919
1877.7234326367275 0.7537563123451911
1878.7238772787907 0.7531871454850502
1879.7243219208538 0.7526180441214463
1880.724766562917 0.7520490105754565
1881.72521120498 0.7514800471681585
1882.7256558470433 0.7509111562206291
1883.7261004891063 0.7503423400539457
1884.7265451311694 0.7497736009891856
1885.7269897732326 0.749204941347426
1886.7274344152956 0.7486363634497443
1887.727879057359 0.7480678696172175
1888.728323699422 0.7474994621709228
1889.7287683414852 0.746931143431938
1890.7292129835482 0.7463629157213398
1891.7296576256115 0.7457947813602055
1892.7301022676745 0.7452267426696128
1893.7305469097378 0.7446588019706385
1894.7309915518008 0.7440909615843601
1895.731436193864 0.7435232238318544
1896.731880835927 0.7429555910341996
1897.7323254779903 0.7423880655124717
1898.7327701200534 0.7418206495877492
1899.7332147621166 0.7412533455811084
1900.7336594041797 0.7406861558136272
1901.734104046243 0.7401190826063822
1902.734548688306 0.7395521282804512
1903.7349933303692 0.7389852951569115
1904.7354379724322 0.7384185855568399
1905.7358826144955 0.737852001801314
1906.7363272565585 0.7372855462114112
1907.7367718986218 0.736719221108208
1908.7372165406848 0.7361530288127822
1909.7376611827478 0.7355869716462115
1910.738105824811 0.7350210519295721
1911.7385504668741 0.7344552719839424
1912.7389951089374 0.7338896341303984
1913.7394397510004 0.7333241406900185
1914.7398843930637 0.7327587939838793
1915.7403290351267 0.732193596333058
1916.74077367719 0.7316285500586326
1917.741218319253 0.7310636574816796
1918.7416629613163 0.7304989209232763
1919.7421076033793 0.7299343427045003
1920.7425522454425 0.7293699251464286
1921.7429968875056 0.7288056705701388
1922.7434415295688 0.7282415812967076
1923.7438861716319 0.7276776596472128
1924.7443308136951 0.7271139079427312
1925.7447754557581 0.7265503285043405
1926.7452200978214 0.7259869236531176
1927.7456647398844 0.7254236957101398
1928.7461093819477 0.7248606469964844
1929.7465540240107 0.7242977798332288
1930.746998666074 0.7237350965414502
1931.747443308137 0.7231725994422257
1932.7478879502003 0.7226102908566325
1933.7483325922633 0.7220481731057481
1934.7487772343263 0.7214862485106499
1935.7492218763896 0.7209245193924144
1936.7496665184526 0.7203629880721197
1937.7501111605159 0.7198016568708427
1938.750555802579 0.7192405282021668
1939.7510004446422 0.7186796052842271
1940.7514450867052 0.7181188917491638
1941.7518897287684 0.7175583912325306
1942.7523343708315 0.7169981073698828
1943.7527790128947 0.7164380437967736
1944.7532236549578 0.7158782041487579
1945.753668297021 0.7153185920613896
1946.754112939084 0.7147592111702232
1947.7545575811473 0.7142000651108128
1948.7550022232103 0.7136411575187126
1949.7554468652736 0.7130824920294768
1950.7558915073366 0.71252407227866
1951.7563361493999 0.711965901901816
1952.756780791463 0.7114079845344993
1953.7572254335262 0.710850323812264
1954.7576700755892 0.7102929233706646
1955.7581147176525 0.7097357868452547
1956.7585593597155 0.7091789178715896
1957.7590040017785 0.7086223200852229
1958.7594486438418 0.7080659971217086
1959.7598932859048 0.7075099526166013
1960.760337927968 0.7069541902054551
1961.760782570031 0.7063987135238244
1962.7612272120944 0.7058435262072635
1963.7616718541574 0.7052886318913265
1964.7621164962206 0.7047340342115674
1965.7625611382837 0.7041797368035411
1966.763005780347 0.703625743302801
1967.76345042241 0.7030720573449022
1968.7638950644732 0.7025186825653984
1969.7643397065362 0.7019656225998439
1970.7647843485995 0.701412881083793
1971.7652289906625 0.7008604616528001
1972.7656736327258 0.7003083679424194
1973.7661182747888 0.6997566035882047
1974.766562916852 0.6992051722257107
1975.767007558915 0.6986540774904917
1976.7674522009784 0.6981033230181016
1977.7678968430414 0.697552912444095
1978.7683414851047 0.697002849404026
1979.7687861271677 0.6964531375334487
1980.769230769231 0.6959037804679175
1981.769675411294 0.6953547818429866
1982.770120053357 0.6948061452942104
1983.7705646954203 0.6942578744571427
1984.7710093374833 0.6937099729673383
1985.7714539795465 0.6931624444603509
1986.7718986216096 0.6926152925717353
1987.7723432636728 0.6920685209370451
1988.7727879057359 0.6915221331918353
1989.7732325477991 0.6909761329716596
1990.7736771898622 0.6904305239120725
1991.7741218319254 0.6898853096486279
1992.7745664739884 0.6893404938168807
1993.7750111160517 0.6887960800523842
1994.7754557581147 0.6882520719906936
1995.775900400178 0.6877084732673625
1996.776345042241 0.6871652875179455
1997.7767896843043 0.6866225183779966
1998.7772343263673 0.68608016948307
1999.7776789684306 0.6855382444687204
2000.7781236104936 0.6849967469705017
2001.7785682525569 0.684455680623968
2002.7790128946199 0.6839150490646739
2003.7794575366831 0.6833748559281733
2004.7799021787462 0.6828351048500209
2005.7803468208094 0.6822957994657703
2006.7807914628725 0.6817569434109764
2007.7812361049355 0.681218540321193
2008.7816807469987 0.6806805938319744
2009.7821253890618 0.6801431075788751
2010.782570031125 0.679606085197449
2011.783014673188 0.6790695303232508
2012.7834593152513 0.6785334465918341
2013.7839039573144 0.6779978376387537
2014.7843485993776 0.6774627070995637
2015.7847932414406 0.6769280586098182
2016.785237883504 0.6763938958050716
2017.785682525567 0.6758602223208782
2018.7861271676302 0.6753270417927918
2019.7865718096932 0.6747943578563673
2020.7870164517565 0.6742621741471584
2021.7874610938195 0.6737304943007196
2022.7879057358828 0.6731993219526053
2023.7883503779458 0.6726686607383693
2024.788795020009 0.6721385142935663
2025.789239662072 0.67160888625375
2026.7896843041353 0.6710797802544752
2027.7901289461984 0.6705511999312961
2028.7905735882616 0.6700231489197664
2029.7910182303247 0.669495630855441
2030.7914628723877 0.6689686493738739
2031.791907514451 0.6684422081106188
2032.792352156514 0.6679163107012311
2033.7927967985772 0.6673909607812639
2034.7932414406403 0.6668661619862721
2035.7936860827035 0.6663419179518097
2036.7941307247665 0.665818232313431
2037.7945753668298 0.6652951087066904
2038.7950200088928 0.6647725507671423
2039.795464650956 0.6642505621303401
2040.7959092930191 0.6637291464318388
2041.7963539350824 0.6632083073071925
2042.7967985771454 0.6626880483919553
2043.7972432192087 0.6621683733216813
2044.7976878612717 0.6616492857319253
2045.798132503335 0.6611307892582411
2046.798577145398 0.6606128875361832
2047.7990217874612 0.6600955842013054
2048.7994664295243 0.6595788828891624
2049.7999110715873 0.6590627872353084
2050.800355713651 0.6585473008752972
2051.800800355714 0.6580324274446838
2052.801244997777 0.6575181705790217
2053.8016896398403 0.6570045339138655
2054.802134281903 0.6564915210847697
2055.8025789239664 0.6559791357272879
2056.8030235660294 0.6554673814769749
2057.8034682080925 0.6549562619693847
2058.803912850156 0.6544457808400715
2059.8043574922185 0.6539359417245898
2060.804802134282 0.6534267482584935
2061.805246776345 0.652918204077337
2062.805691418408 0.6524103128166746
2063.8061360604715 0.6519030781120605
2064.8065807025346 0.651396503599049
2065.8070253445976 0.6508905929131944
2066.807469986661 0.6503853496900504
2067.8079146287237 0.6498807775651723
2068.808359270787 0.6493768801741131
2069.80880391285 0.6488736611524281
2070.809248554913 0.6483711241356709
2071.8096931969767 0.6478692727593958
2072.8101378390397 0.6473681106591574
2073.8105824811028 0.64686764147051
2074.8110271231662 0.646367868829007
2075.811471765229 0.6458687963702039
2076.8119164072923 0.6453704277296538
2077.8123610493553 0.6448727665429115
2078.8128056914184 0.6443758164455312
2079.813250333482 0.6438795806067767
2080.8136949755444 0.6433840588888615
2081.814139617608 0.6428892497245098
2082.814584259671 0.6423951515407599
2083.815028901734 0.6419017627646503
2084.8154735437975 0.6414090818232185
2085.8159181858605 0.6409171071435036
2086.8163628279235 0.6404258371525428
2087.816807469987 0.6399352702773747
2088.8172521120496 0.6394454049450378
2089.817696754113 0.6389562395825695
2090.818141396176 0.6384677726170085
2091.818586038239 0.6379800024753931
2092.8190306803026 0.6374929275847604
2093.8194753223656 0.6370065463721499
2094.8199199644287 0.6365208572645992
2095.820364606492 0.6360358586891461
2096.8208092485547 0.6355515490728296
2097.821253890618 0.6350679268426869
2098.8216985326812 0.6345849904257568
2099.8221431747443 0.634102738249077
2100.8225878168078 0.633621168739686
2101.823032458871 0.633140280324622
2102.823477100934 0.6326600714309233
2103.823921742997 0.6321805404856273
2104.82436638506 0.6317016859157728
2105.8248110271234 0.6312235061483975
2106.8252556691864 0.6307459996105403
2107.8257003112494 0.6302691647292387
2108.826144953313 0.6297929999315309
2109.8265895953755 0.6293175036444556
2110.827034237439 0.6288426742950501
2111.827478879502 0.6283685103103535
2112.827923521565 0.6278950101174032
2113.8283681636285 0.6274221721432375
2114.8288128056915 0.6269499948148948
2115.8292574477546 0.6264784765594131
2116.829702089818 0.6260076158038307
2117.8301467318806 0.6255374109751859
2118.830591373944 0.6250678605005161
2119.831036016007 0.6245989628068604
2120.83148065807 0.6241307163212565
2121.8319253001337 0.6236631194707423
2122.8323699421967 0.6231961706823563
2123.8328145842597 0.6227298683831368
2124.833259226323 0.6222642110001213
2125.833703868386 0.6217991969603491
2126.8341485104493 0.6213348246908571
2127.8345931525123 0.6208710926186843
2128.8350377945753 0.6204079991708684
2129.835482436639 0.6199455427744476
2130.8359270787014 0.6194837218564608
2131.836371720765 0.6190225348439449
2132.836816362828 0.6185619801639389
2133.837261004891 0.6181020562434808
2134.8377056469544 0.6176427615096085
2135.8381502890174 0.6171840943893606
2136.8385949310805 0.6167260533097749
2137.839039573144 0.6162686366978896
2138.8394842152065 0.6158118429807432
2139.83992885727 0.6153556705853733
2140.840373499333 0.6149001179388186
2141.840818141396 0.614445183468117
2142.8412627834596 0.6139908656003064
2143.8417074255226 0.6135371627624253
2144.8421520675856 0.6130840733815118
2145.842596709649 0.6126315958846038
2146.8430413517117 0.6121797286987402
2147.843485993775 0.6117284702509581
2148.843930635838 0.6112778189682964
2149.8443752779012 0.6108277732777933
2150.8448199199647 0.6103783316064862
2151.8452645620278 0.609929492381414
2152.845709204091 0.6094812540296147
2153.846153846154 0.6090336149781264
2154.846598488217 0.6085865736539869
2155.8470431302803 0.6081401284842348
2156.8474877723434 0.6076942778959084
2157.8479324144064 0.6072490203160456
2158.84837705647 0.6068043541716841
2159.8488216985324 0.6063602778898629
2160.849266340596 0.6059167898976194
2161.849710982659 0.6054738886219924
2162.850155624722 0.6050315724900199
2163.8506002667855 0.6045898399287395
2164.8510449088485 0.6041486893651901
2165.8514895509115 0.6037081192264093
2166.851934192975 0.6032681279394356
2167.8523788350376 0.6028287139313073
2168.852823477101 0.602389875629062
2169.853268119164 0.6019516114597383
2170.853712761227 0.6015139198503742
2171.8541574032906 0.6010767992280077
2172.8546020453537 0.6006402480196772
2173.8550466874167 0.600204264652421
2174.85549132948 0.5997688475532766
2175.8559359715427 0.5993339951492832
2176.8563806136062 0.5988997058674779
2177.8568252556693 0.5984659781348993
2178.8572698977323 0.5980328103785859
2179.857714539796 0.5976002010255752
2180.8581591818584 0.597168148502906
2181.858603823922 0.5967366512376158
2182.859048465985 0.5963057076567433
2183.859493108048 0.5958753161873263
2184.8599377501114 0.5954454752564029
2185.8603823921744 0.5950161832910118
2186.8608270342374 0.5945874387181908
2187.861271676301 0.5941592399649779
2188.8617163183635 0.5937315854584115
2189.862160960427 0.5933044736255296
2190.86260560249 0.5928779028933707
2191.863050244553 0.5924518716889724
2192.8634948866165 0.592026378439373
2193.8639395286796 0.5916014215716112
2194.8643841707426 0.5911769995127247
2195.864828812806 0.5907531106897514
2196.8652734548687 0.5903297535297302
2197.865718096932 0.5899069264596983
2198.866162738995 0.589484627906695
2199.866607381058 0.5890628562977576
2200.8670520231217 0.5886416100599242
2201.8674966651843 0.5882208876202337
2202.8679413072477 0.5878006874057232
2203.868385949311 0.5873810078434321
2204.868830591374 0.5869618473603976
2205.8692752334373 0.5865432043836581
2206.8697198755003 0.586125077340252
2207.8701645175634 0.585707464657217
2208.870609159627 0.5852903647615918
2209.8710538016894 0.5848737760804144
2210.871498443753 0.5844576970407226
2211.871943085816 0.5840421260695549
2212.872387727879 0.5836270615939493
2213.8728323699424 0.583212502040944
2214.8732770120055 0.5827984458375773
2215.8737216540685 0.5823848914108872
2216.874166296132 0.5819718371879116
2217.8746109381946 0.5815592815956896
2218.875055580258 0.581147223061258
2219.875500222321 0.580735659393999
2220.875944864384 0.5803245847976264
2221.8763895064476 0.5799139921711786
2222.8768341485106 0.5795038744118981
2223.8772787905737 0.5790942244170276
2224.877723432637 0.5786850350838095
2225.8781680746997 0.5782762993094871
2226.878612716763 0.5778680099913025
2227.8790573588262 0.5774601600264985
2228.8795020008893 0.577052742312318
2229.8799466429527 0.5766457497460034
2230.8803912850153 0.5762391752247976
2231.880835927079 0.575833011645943
2232.881280569142 0.5754272519066826
2233.881725211205 0.575021888904259
2234.8821698532684 0.5746169155359147
2235.8826144953314 0.5742123246988925
2236.8830591373944 0.5738081092904351
2237.883503779458 0.5734042622077848
2238.8839484215205 0.5730007763481852
2239.884393063584 0.5725976446088781
2240.884837705647 0.5721948598871065
2241.88528234771 0.571792415080113
2242.8857269897735 0.5713903030851403
2243.8861716318365 0.570988516799431
2244.8866162738996 0.5705870491202281
2245.887060915963 0.5701858929447738
2246.8875055580256 0.5697850411703115
2247.887950200089 0.5693844866940828
2248.888394842152 0.5689842224133312
2249.888839484215 0.5685842412252993
2250.8892841262787 0.5681845360272293
2251.8897287683412 0.5677850997163648
2252.8901734104047 0.5673859251899472
2253.8906180524677 0.5669870053452203
2254.891062694531 0.5665883330794261
2255.8915073365943 0.5661899012898075
2256.8919519786573 0.5657917028736074
2257.8923966207203 0.565393730728068
2258.892841262784 0.5649959777504323
2259.8932859048464 0.5645984368379432
2260.89373054691 0.5642011008878428
2261.894175188973 0.5638039627973741
2262.894619831036 0.5634070154637798
2263.8950644730994 0.5630102517843024
2264.8955091151624 0.5626136646561848
2265.8959537572255 0.5622172469766695
2266.896398399289 0.5618209916429993
2267.8968430413515 0.5614248915524169
2268.897287683415 0.5610289396021647
2269.897732325478 0.5606331286894857
2270.898176967541 0.5602374517116226
2271.8986216096046 0.5598419015658176
2272.8990662516676 0.5594464711493139
2273.8995108937306 0.559051153359354
2274.8999555357937 0.5586559410931805
2275.9004001778567 0.5582608272480363
2276.90084481992 0.5578658047211634
2277.901289461983 0.5574708664098056
2278.901734104046 0.5570760052112045
2279.9021787461097 0.5566812140226034
2280.9026233881723 0.5562864857412451
2281.9030680302358 0.5558918132643715
2282.903512672299 0.555497189489226
2283.903957314362 0.555102607313051
2284.9044019564253 0.5547080596330893
2285.9048465984883 0.5543135393465835
2286.9052912405514 0.5539190393507761
2287.905735882615 0.5535245525429099
2288.9061805246774 0.5531300718202281
2289.906625166741 0.5527355900799723
2290.907069808804 0.5523411002193861
2291.907514450867 0.5519465951357118
2292.9079590929305 0.5515520677261919
2293.9084037349935 0.5511575108880696
2294.9088483770565 0.5507629175185873
2295.90929301912 0.5503682805149874
2296.9097376611826 0.5499735927745133
2297.910182303246 0.5495788471944067
2298.910626945309 0.549184036671911
2299.911071587372 0.5487891541042687
2300.911516229435 0.5483941923887223
2301.9119608714986 0.5479991444225145
2302.9124055135617 0.5476040031028886
2303.9128501556247 0.5472087613270863
2304.9132947976877 0.5468134119923509
2305.913739439751 0.5464179479959248
2306.9141840818143 0.5460223622350509
2307.9146287238773 0.5456266476069717
2308.9150733659403 0.5452307970089301
2309.915518008004 0.5448348033381682
2310.915962650067 0.5444386594919295
2311.91640729213 0.5440423583674563
2312.916851934193 0.5436458928619912
2313.9172965762564 0.5432492558727767
2314.9177412183194 0.5428524402970559
2315.9181858603824 0.5424554390320714
2316.9186305024455 0.5420582449750655
2317.919075144509 0.5416608510232811
2318.919519786572 0.541263250073961
2319.919964428635 0.5408654350243479
2320.920409070698 0.5404673987716844
2321.9208537127615 0.5400691342132128
2322.9212983548246 0.5396706342461765
2323.9217429968876 0.5392718917678175
2324.9221876389506 0.5388728996753789
2325.9226322810136 0.5384736508661033
2326.923076923077 0.5380741382372332
2327.92352156514 0.5376743546860113
2328.923966207203 0.5372742931096806
2329.924410849266 0.5368739464054834
2330.9248554913297 0.5364733074706624
2331.9253001333927 0.5360723692024606
2332.9257447754558 0.5356711244981205
2333.926189417519 0.5352695662548846
2334.9266340595823 0.5348676873699958
2335.9270787016453 0.5344654807406967
2336.9275233437083 0.53406293926423
2337.9279679857714 0.5336600558378383
2338.928412627835 0.5332568233587642
2339.928857269898 0.5328532347242508
2340.929301911961 0.5324492828315404
2341.929746554024 0.5320449605778758
2342.9301911960874 0.5316402608604993
2343.9306358381505 0.5312351765766542
2344.9310804802135 0.5308297006235829
2345.9315251222765 0.5304238258985281
2346.93196976434 0.530017545298732
2347.932414406403 0.5296108517214382
2348.932859048466 0.5292037380638889
2349.933303690529 0.5287961972233266
2350.933748332592 0.5283882220969942
2351.9341929746556 0.5279798055821341
2352.9346376167186 0.5275709405759894
2353.9350822587817 0.5271616199758026
2354.9355269008447 0.5267518366788164
2355.935971542908 0.5263415835822732
2356.936416184971 0.5259308535834161
2357.9368608270343 0.5255196395794874
2358.9373054690973 0.5251079344677302
2359.9377501111608 0.5246957311453866
2360.938194753224 0.5242830240301875
2361.938639395287 0.5238698148730453
2362.93908403735 0.5234561076327751
2363.9395286794133 0.5230419062686369
2364.9399733214764 0.5226272147398897
2365.9404179635394 0.5222120370057931
2366.9408626056024 0.5217963770256068
2367.941307247666 0.5213802387585897
2368.941751889729 0.5209636261640019
2369.942196531792 0.5205465432011026
2370.942641173855 0.5201289938291513
2371.9430858159185 0.5197109820074071
2372.9435304579815 0.5192925116951299
2373.9439751000446 0.518873586851579
2374.9444197421076 0.518454211436014
2375.9448643841706 0.5180343894076942
2376.945309026234 0.5176141247258786
2377.945753668297 0.5171934213498277
2378.94619831036 0.5167722832388004
2379.946642952423 0.5163507143520558
2380.9470875944867 0.515928718648854
2381.9475322365497 0.5155063000884542
2382.9479768786127 0.5150834626301157
2383.9484215206758 0.514660210233098
2384.9488661627393 0.5142365468566608
2385.9493108048023 0.5138124764600636
2386.9497554468653 0.5133880030025655
2387.9502000889283 0.5129631304434261
2388.950644730992 0.5125378627419048
2389.951089373055 0.5121122038572613
2390.951534015118 0.511686157748755
2391.951978657181 0.5112597283756452
2392.9524232992444 0.5108329196971914
2393.9528679413074 0.510405735672653
2394.9533125833705 0.5099781802612898
2395.9537572254335 0.5095502574223609
2396.9542018674965 0.5091219711151258
2397.95464650956 0.5086933252988439
2398.955091151623 0.508264323932775
2399.955535793686 0.5078349709761782
2400.955980435749 0.5074052703883134
2401.9564250778126 0.5069752261284394
2402.9568697198756 0.5065448421558162
2403.9573143619386 0.5061141224297031
2404.9577590040017 0.5056830709093596
2405.958203646065 0.5052516915540448
2406.958648288128 0.5048199883230189
2407.959092930191 0.5043879651755407
2408.9595375722542 0.5039556260708699
2409.9599822143177 0.5035229749682658
2410.9604268563808 0.5030900158269881
2411.960871498444 0.5026567526062963
2412.961316140507 0.5022231892654496
2413.9617607825703 0.5017893297637075
2414.9622054246333 0.5013551780603295
2415.9626500666964 0.5009207381145753
2416.9630947087594 0.5004860138857041
2417.963539350823 0.5000510093329753
2418.963983992886 0.49961572841564844
2419.964428634949 0.49918017509298324
2420.964873277012 0.49874435332423883
2421.965317919075 0.49830826706867476
2422.9657625611385 0.4978719202855503
2423.9662072032015 0.49743531693412535
2424.9666518452646 0.49699846097365913
2425.9670964873276 0.4965613563634109
2426.967541129391 0.4961240070626403
2427.967985771454 0.49568641703060706
2428.968430413517 0.49524859022657036
2429.96887505558 0.49481053060978947
2430.9693196976436 0.49437224213952413
2431.9697643397067 0.49393372877503383
2432.9702089817697 0.4934949944755778
2433.9706536238327 0.4930560432004158
2434.971098265896 0.49261687890880684
2435.9715429079592 0.49217750556001094
2436.9719875500223 0.4917379271132872
2437.9724321920853 0.49129814752789513
2438.972876834149 0.49085817076309407
2439.973321476212 0.49041800077814385
2440.973766118275 0.4899776415323036
2441.974210760338 0.48953709698483294
2442.9746554024014 0.48909637109499104
2443.9751000444644 0.48865546782203784
2444.9755446865274 0.4882143911252325
2445.9759893285905 0.4877731449638345
2446.9764339706535 0.4873317332971035
2447.976878612717 0.48689016008429836
2448.97732325478 0.48644842928467946
2449.977767896843 0.4860065448575055
2450.978212538906 0.4855645107620362
2451.9786571809695 0.4851223309575311
2452.9791018230326 0.4846800094032494
2453.9795464650956 0.4842375500584509
2454.9799911071586 0.48379495688239504
2455.980435749222 0.48335223383434084
2456.980880391285 0.4829093848735482
2457.981325033348 0.48246641395927653
2458.981769675411 0.48202332505078516
2459.9822143174747 0.4815801221073334
2460.9826589595377 0.4811368090881811
2461.9831036016008 0.4806933899525875
2462.983548243664 0.480249868659812
2463.9839928857273 0.4798062491691141
2464.9844375277903 0.4793625354397535
2465.9848821698533 0.4789187314309892
2466.9853268119164 0.4784748411020811
2467.98577145398 0.47803086841228826
2468.986216096043 0.4775868173208705
2469.986660738106 0.4771426917870871
2470.987105380169 0.4766984957701975
2471.987550022232 0.4762542332294614
2472.9879946642955 0.4758099081241378
2473.9884393063585 0.4753655244134867
2474.9888839484215 0.47492108605676703
2475.9893285904845 0.47447659701323874
2476.989773232548 0.4740320612421607
2477.990217874611 0.473587482702793
2478.990662516674 0.47314286535439487
2479.991107158737 0.47269821315622557
2480.9915518008006 0.4722535300675446
2481.9919964428636 0.47180882004761177
2482.9924410849267 0.4713640870556863
2483.9928857269897 0.47091933505102757
2484.993330369053 0.4704745679928949
2485.993775011116 0.47002978984054833
2486.9942196531792 0.4695850045532467
2487.9946642952423 0.4691402160902499
2488.9951089373058 0.4686954284108169
2489.995553579369 0.46825064547420786
2490.995998221432 0.46780587123968165
2491.996442863495 0.467361109666498
2492.9968875055583 0.4669163647139161
2493.9973321476214 0.4664716403411958
2494.9977767896844 0.46602694050759647
2495.9982214317474 0.46558226917237744
2496.9986660738105 0.4651376302947981
2497.999110715874 0.46469302783411776
2498.999555357937 0.46424846574959644
2500.0 0.4638039480004933
