Labels,T1_data_new_corrected,
250.00,2.32656689E+1,
251.00,2.72082825E+1,
252.00,3.11688805E+1,
253.00,3.51654396E+1,
254.00,3.92159500E+1,
255.00,4.33383865E+1,
256.00,4.75507317E+1,
257.00,5.18709679E+1,
258.00,5.63170815E+1,
259.00,6.09070549E+1,
260.00,6.56588593E+1,
261.00,7.05902557E+1,
262.00,7.57181320E+1,
263.00,8.10590973E+1,
264.00,8.66297989E+1,
265.00,9.24468842E+1,
266.00,9.85270157E+1,
267.00,1.04886780E+2,
268.00,1.11542847E+2,
269.00,1.18511871E+2,
270.00,1.25810478E+2,
271.00,1.33455353E+2,
272.00,1.41463470E+2,
273.00,1.49851776E+2,
274.00,1.58637283E+2,
275.00,1.67836975E+2,
276.00,1.77467880E+2,
277.00,1.87546967E+2,
278.00,1.98091217E+2,
279.00,2.09117630E+2,
280.00,2.20643219E+2,
281.00,2.32685379E+2,
282.00,2.45263260E+2,
283.00,2.58396362E+2,
284.00,2.72104248E+2,
285.00,2.86406464E+2,
286.00,3.01322540E+2,
287.00,3.16872009E+2,
288.00,3.33074463E+2,
289.00,3.49949402E+2,
290.00,3.67516388E+2,
291.00,3.85796143E+2,
292.00,4.04814148E+2,
293.00,4.24597107E+2,
294.00,4.45171661E+2,
295.00,4.66564484E+2,
296.00,4.88802277E+2,
297.00,5.11911713E+2,
298.00,5.35919434E+2,
299.00,5.60852112E+2,
300.00,5.86736511E+2,
301.00,6.13597595E+2,
302.00,6.41454102E+2,
303.00,6.70323303E+2,
304.00,7.00222290E+2,
305.00,7.31168152E+2,
306.00,7.63178040E+2,
307.00,7.96269104E+2,
308.00,8.30458618E+2,
309.00,8.65763550E+2,
310.00,9.02201172E+2,
311.00,9.39794373E+2,
312.00,9.78589600E+2,
313.00,1.01863916E+3,
314.00,1.05999524E+3,
315.00,1.10271021E+3,
316.00,1.14683643E+3,
317.00,1.19242590E+3,
318.00,1.23953101E+3,
319.00,1.28820422E+3,
320.00,1.33849744E+3,
321.00,1.39046008E+3,
322.00,1.44412805E+3,
323.00,1.49953491E+3,
324.00,1.55671338E+3,
325.00,1.61569690E+3,
326.00,1.67651819E+3,
327.00,1.73921082E+3,
328.00,1.80380750E+3,
329.00,1.87034143E+3,
330.00,1.93884570E+3,
331.00,2.00936316E+3,
332.00,2.08197388E+3,
333.00,2.15676758E+3,
334.00,2.23383472E+3,
335.00,2.31326416E+3,
336.00,2.39514648E+3,
337.00,2.47957129E+3,
338.00,2.56662842E+3,
339.00,2.65640771E+3,
340.00,2.74899902E+3,
341.00,2.84448560E+3,
342.00,2.94292529E+3,
343.00,3.04436865E+3,
344.00,3.14886670E+3,
345.00,3.25647046E+3,
346.00,3.36723071E+3,
347.00,3.48119897E+3,
348.00,3.59842554E+3,
349.00,3.71896118E+3,
350.00,3.84285840E+3,
351.00,3.97016724E+3,
352.00,4.10094385E+3,
353.00,4.23524463E+3,
354.00,4.37312549E+3,
355.00,4.51464258E+3,
356.00,4.65985254E+3,
357.00,4.80881104E+3,
358.00,4.96157471E+3,
359.00,5.11819971E+3,
360.00,5.27874170E+3,
361.00,5.44323584E+3,
362.00,5.61162646E+3,
363.00,5.78383594E+3,
364.00,5.95978760E+3,
365.00,6.13940430E+3,
366.00,6.32260938E+3,
367.00,6.50932422E+3,
368.00,6.69947266E+3,
369.00,6.89297803E+3,
370.00,7.08976172E+3,
371.00,7.28975195E+3,
372.00,7.49289697E+3,
373.00,7.69914795E+3,
374.00,7.90845654E+3,
375.00,8.12077588E+3,
376.00,8.33605664E+3,
377.00,8.55425293E+3,
378.00,8.77531543E+3,
379.00,8.99919727E+3,
380.00,9.22584863E+3,
381.00,9.45525098E+3,
382.00,9.68750391E+3,
383.00,9.92273340E+3,
384.00,1.01610664E+4,
385.00,1.04026289E+4,
386.00,1.06475479E+4,
387.00,1.08959502E+4,
388.00,1.11479629E+4,
389.00,1.14037139E+4,
390.00,1.16633281E+4,
391.00,1.19269541E+4,
392.00,1.21948262E+4,
393.00,1.24672002E+4,
394.00,1.27443301E+4,
395.00,1.30264727E+4,
396.00,1.33138818E+4,
397.00,1.36068145E+4,
398.00,1.39055234E+4,
399.00,1.42102656E+4,
400.00,1.45212979E+4,
401.00,1.48388350E+4,
402.00,1.51629424E+4,
403.00,1.54936465E+4,
404.00,1.58309766E+4,
405.00,1.61749570E+4,
406.00,1.65256133E+4,
407.00,1.68829746E+4,
408.00,1.72470664E+4,
409.00,1.76179160E+4,
410.00,1.79955508E+4,
411.00,1.83800039E+4,
412.00,1.87713320E+4,
413.00,1.91695938E+4,
414.00,1.95748535E+4,
415.00,1.99871738E+4,
416.00,2.04066191E+4,
417.00,2.08332480E+4,
418.00,2.12671270E+4,
419.00,2.17083164E+4,
420.00,2.21568770E+4,
421.00,2.26128340E+4,
422.00,2.30760703E+4,
423.00,2.35464180E+4,
424.00,2.40237188E+4,
425.00,2.45078145E+4,
426.00,2.49985430E+4,
427.00,2.54957402E+4,
428.00,2.59992520E+4,
429.00,2.65089160E+4,
430.00,2.70245664E+4,
431.00,2.75460781E+4,
432.00,2.80734141E+4,
433.00,2.86065840E+4,
434.00,2.91455801E+4,
435.00,2.96904023E+4,
436.00,3.02410488E+4,
437.00,3.07975273E+4,
438.00,3.13598262E+4,
439.00,3.19279492E+4,
440.00,3.25018945E+4,
441.00,3.30816914E+4,
442.00,3.36674609E+4,
443.00,3.42593555E+4,
444.00,3.48575273E+4,
445.00,3.54621289E+4,
446.00,3.60733086E+4,
447.00,3.66912188E+4,
448.00,3.73160156E+4,
449.00,3.79478398E+4,
450.00,3.85868516E+4,
451.00,3.92331641E+4,
452.00,3.98867188E+4,
453.00,4.05474297E+4,
454.00,4.12151992E+4,
455.00,4.18899375E+4,
456.00,4.25715586E+4,
457.00,4.32599570E+4,
458.00,4.39550547E+4,
459.00,4.46567461E+4,
460.00,4.53649531E+4,
461.00,4.60796055E+4,
462.00,4.68007305E+4,
463.00,4.75283945E+4,
464.00,4.82626641E+4,
465.00,4.90035898E+4,
466.00,4.97512305E+4,
467.00,5.05056641E+4,
468.00,5.12669375E+4,
469.00,5.20351172E+4,
470.00,5.28102617E+4,
471.00,5.35924492E+4,
472.00,5.43818945E+4,
473.00,5.51787891E+4,
474.00,5.59833633E+4,
475.00,5.67958320E+4,
476.00,5.76164180E+4,
477.00,5.84453281E+4,
478.00,5.92827891E+4,
479.00,6.01290156E+4,
480.00,6.09842148E+4,
481.00,6.18485664E+4,
482.00,6.27220391E+4,
483.00,6.36045586E+4,
484.00,6.44960469E+4,
485.00,6.53964141E+4,
486.00,6.63056016E+4,
487.00,6.72235313E+4,
488.00,6.81501094E+4,
489.00,6.90852734E+4,
490.00,7.00289375E+4,
491.00,7.09810313E+4,
492.00,7.19414766E+4,
493.00,7.29102188E+4,
494.00,7.38871797E+4,
495.00,7.48722813E+4,
496.00,7.58654531E+4,
497.00,7.68666328E+4,
498.00,7.78757500E+4,
499.00,7.88927344E+4,
500.00,7.99175000E+4,
501.00,8.09499609E+4,
502.00,8.19898672E+4,
503.00,8.30369375E+4,
504.00,8.40909063E+4,
505.00,8.51514844E+4,
506.00,8.62183984E+4,
507.00,8.72913750E+4,
508.00,8.83701250E+4,
509.00,8.94543828E+4,
510.00,9.05438828E+4,
511.00,9.16384063E+4,
512.00,9.27381953E+4,
513.00,9.38435156E+4,
514.00,9.49546797E+4,
515.00,9.60719922E+4,
516.00,9.71957266E+4,
517.00,9.83262031E+4,
518.00,9.94637031E+4,
519.00,1.00608539E+5,
520.00,1.01760984E+5,
521.00,1.02921313E+5,
522.00,1.04089578E+5,
523.00,1.05265797E+5,
524.00,1.06449992E+5,
525.00,1.07642156E+5,
526.00,1.08842344E+5,
527.00,1.10050531E+5,
528.00,1.11266750E+5,
529.00,1.12491031E+5,
530.00,1.13723367E+5,
531.00,1.14963773E+5,
532.00,1.16212180E+5,
533.00,1.17468523E+5,
534.00,1.18732695E+5,
535.00,1.20004641E+5,
536.00,1.21284281E+5,
537.00,1.22571531E+5,
538.00,1.23866305E+5,
539.00,1.25168555E+5,
540.00,1.26478164E+5,
541.00,1.27795031E+5,
542.00,1.29118789E+5,
543.00,1.30449070E+5,
544.00,1.31785453E+5,
545.00,1.33127578E+5,
546.00,1.34475031E+5,
547.00,1.35827406E+5,
548.00,1.37184328E+5,
549.00,1.38545406E+5,
550.00,1.39910234E+5,
551.00,1.41278547E+5,
552.00,1.42650500E+5,
553.00,1.44026391E+5,
554.00,1.45406516E+5,
555.00,1.46791172E+5,
556.00,1.48180625E+5,
557.00,1.49575203E+5,
558.00,1.50975156E+5,
559.00,1.52380797E+5,
560.00,1.53792406E+5,
561.00,1.55210297E+5,
562.00,1.56634875E+5,
563.00,1.58066563E+5,
564.00,1.59505781E+5,
565.00,1.60952953E+5,
566.00,1.62408484E+5,
567.00,1.63872813E+5,
568.00,1.65346375E+5,
569.00,1.66829578E+5,
570.00,1.68322828E+5,
571.00,1.69826453E+5,
572.00,1.71340297E+5,
573.00,1.72864125E+5,
574.00,1.74397641E+5,
575.00,1.75940609E+5,
576.00,1.77492734E+5,
577.00,1.79053781E+5,
578.00,1.80623484E+5,
579.00,1.82201609E+5,
580.00,1.83787844E+5,
581.00,1.85381891E+5,
582.00,1.86983078E+5,
583.00,1.88590719E+5,
584.00,1.90204094E+5,
585.00,1.91822484E+5,
586.00,1.93445172E+5,
587.00,1.95071453E+5,
588.00,1.96700594E+5,
589.00,1.98331906E+5,
590.00,1.99964641E+5,
591.00,2.01598313E+5,
592.00,2.03233125E+5,
593.00,2.04869469E+5,
594.00,2.06507813E+5,
595.00,2.08148516E+5,
596.00,2.09792016E+5,
597.00,2.11438719E+5,
598.00,2.13089031E+5,
599.00,2.14743406E+5,
600.00,2.16402234E+5,
601.00,2.18065844E+5,
602.00,2.19734375E+5,
603.00,2.21407875E+5,
604.00,2.23086391E+5,
605.00,2.24769969E+5,
606.00,2.26458719E+5,
607.00,2.28152641E+5,
608.00,2.29851813E+5,
609.00,2.31556281E+5,
610.00,2.33266063E+5,
611.00,2.34981234E+5,
612.00,2.36701688E+5,
613.00,2.38427203E+5,
614.00,2.40157672E+5,
615.00,2.41892922E+5,
616.00,2.43632813E+5,
617.00,2.45377203E+5,
618.00,2.47125891E+5,
619.00,2.48878781E+5,
620.00,2.50635688E+5,
621.00,2.52396422E+5,
622.00,2.54160766E+5,
623.00,2.55928422E+5,
624.00,2.57699094E+5,
625.00,2.59472547E+5,
626.00,2.61248453E+5,
627.00,2.63026563E+5,
628.00,2.64806594E+5,
629.00,2.66588281E+5,
630.00,2.68371344E+5,
631.00,2.70155500E+5,
632.00,2.71940500E+5,
633.00,2.73726094E+5,
634.00,2.75512031E+5,
635.00,2.77298094E+5,
636.00,2.79084063E+5,
637.00,2.80869625E+5,
638.00,2.82654594E+5,
639.00,2.84438688E+5,
640.00,2.86221688E+5,
641.00,2.88003438E+5,
642.00,2.89784156E+5,
643.00,2.91564031E+5,
644.00,2.93343406E+5,
645.00,2.95122500E+5,
646.00,2.96901656E+5,
647.00,2.98681125E+5,
648.00,3.00461125E+5,
649.00,3.02242000E+5,
650.00,3.04024031E+5,
651.00,3.05807375E+5,
652.00,3.07592125E+5,
653.00,3.09378219E+5,
654.00,3.11165625E+5,
655.00,3.12954375E+5,
656.00,3.14744375E+5,
657.00,3.16535656E+5,
658.00,3.18328156E+5,
659.00,3.20121844E+5,
660.00,3.21916750E+5,
661.00,3.23713031E+5,
662.00,3.25511344E+5,
663.00,3.27312844E+5,
664.00,3.29118375E+5,
665.00,3.30928969E+5,
666.00,3.32745563E+5,
667.00,3.34569219E+5,
668.00,3.36400781E+5,
669.00,3.38241281E+5,
670.00,3.40091719E+5,
671.00,3.41952781E+5,
672.00,3.43824469E+5,
673.00,3.45706531E+5,
674.00,3.47598625E+5,
675.00,3.49500563E+5,
676.00,3.51412000E+5,
677.00,3.53332750E+5,
678.00,3.55262500E+5,
679.00,3.57200938E+5,
680.00,3.59147938E+5,
681.00,3.61103000E+5,
682.00,3.63065750E+5,
683.00,3.65035563E+5,
684.00,3.67011969E+5,
685.00,3.68994344E+5,
686.00,3.70982156E+5,
687.00,3.72974875E+5,
688.00,3.74971906E+5,
689.00,3.76972719E+5,
690.00,3.78976781E+5,
691.00,3.80983531E+5,
692.00,3.82992813E+5,
693.00,3.85004313E+5,
694.00,3.87017813E+5,
695.00,3.89033156E+5,
696.00,3.91050125E+5,
697.00,3.93068469E+5,
698.00,3.95087938E+5,
699.00,3.97108438E+5,
700.00,3.99129625E+5,
701.00,4.01151563E+5,
702.00,4.03174875E+5,
703.00,4.05200406E+5,
704.00,4.07229031E+5,
705.00,4.09261719E+5,
706.00,4.11299125E+5,
707.00,4.13342281E+5,
708.00,4.15391969E+5,
709.00,4.17449031E+5,
710.00,4.19514375E+5,
711.00,4.21588563E+5,
712.00,4.23670844E+5,
713.00,4.25760125E+5,
714.00,4.27855500E+5,
715.00,4.29955875E+5,
716.00,4.32060313E+5,
717.00,4.34167625E+5,
718.00,4.36276938E+5,
719.00,4.38387125E+5,
720.00,4.40497219E+5,
721.00,4.42606313E+5,
722.00,4.44714031E+5,
723.00,4.46820250E+5,
724.00,4.48924688E+5,
725.00,4.51027219E+5,
726.00,4.53127563E+5,
727.00,4.55225594E+5,
728.00,4.57321063E+5,
729.00,4.59413813E+5,
730.00,4.61503625E+5,
731.00,4.63590313E+5,
732.00,4.65673594E+5,
733.00,4.67753406E+5,
734.00,4.69829438E+5,
735.00,4.71901438E+5,
736.00,4.73969344E+5,
737.00,4.76032844E+5,
738.00,4.78091781E+5,
739.00,4.80145906E+5,
740.00,4.82195063E+5,
741.00,4.84239031E+5,
742.00,4.86277438E+5,
743.00,4.88309969E+5,
744.00,4.90336219E+5,
745.00,4.92355969E+5,
746.00,4.94368844E+5,
747.00,4.96374438E+5,
748.00,4.98372406E+5,
749.00,5.00362469E+5,
750.00,5.02344281E+5,
751.00,5.04317563E+5,
752.00,5.06282531E+5,
753.00,5.08239531E+5,
754.00,5.10188906E+5,
755.00,5.12130875E+5,
756.00,5.14065844E+5,
757.00,5.15994063E+5,
758.00,5.17915906E+5,
759.00,5.19831688E+5,
760.00,5.21741656E+5,
761.00,5.23646313E+5,
762.00,5.25546375E+5,
763.00,5.27442500E+5,
764.00,5.29335688E+5,
765.00,5.31226813E+5,
766.00,5.33116438E+5,
767.00,5.35005625E+5,
768.00,5.36895063E+5,
769.00,5.38785625E+5,
770.00,5.40678063E+5,
771.00,5.42573125E+5,
772.00,5.44470750E+5,
773.00,5.46370813E+5,
774.00,5.48273125E+5,
775.00,5.50177500E+5,
776.00,5.52083875E+5,
777.00,5.53992000E+5,
778.00,5.55901688E+5,
779.00,5.57812813E+5,
780.00,5.59725250E+5,
781.00,5.61638813E+5,
782.00,5.63553125E+5,
783.00,5.65468000E+5,
784.00,5.67382938E+5,
785.00,5.69297813E+5,
786.00,5.71212125E+5,
787.00,5.73125750E+5,
788.00,5.75038250E+5,
789.00,5.76949313E+5,
790.00,5.78858563E+5,
791.00,5.80765625E+5,
792.00,5.82669063E+5,
793.00,5.84567250E+5,
794.00,5.86458625E+5,
795.00,5.88341688E+5,
796.00,5.90214813E+5,
797.00,5.92076375E+5,
798.00,5.93924875E+5,
799.00,5.95758688E+5,
800.00,5.97576313E+5,
801.00,5.99376438E+5,
802.00,6.01160000E+5,
803.00,6.02928063E+5,
804.00,6.04681688E+5,
805.00,6.06422188E+5,
806.00,6.08150625E+5,
807.00,6.09868188E+5,
808.00,6.11575938E+5,
809.00,6.13275125E+5,
810.00,6.14966938E+5,
811.00,6.16652375E+5,
812.00,6.18332250E+5,
813.00,6.20007063E+5,
814.00,6.21677750E+5,
815.00,6.23344875E+5,
816.00,6.25009125E+5,
817.00,6.26671063E+5,
818.00,6.28331500E+5,
819.00,6.29991125E+5,
820.00,6.31650500E+5,
821.00,6.33310250E+5,
822.00,6.34970688E+5,
823.00,6.36631750E+5,
824.00,6.38293688E+5,
825.00,6.39956563E+5,
826.00,6.41620563E+5,
827.00,6.43285625E+5,
828.00,6.44952063E+5,
829.00,6.46619813E+5,
830.00,6.48289188E+5,
831.00,6.49960000E+5,
832.00,6.51632313E+5,
833.00,6.53305625E+5,
834.00,6.54979875E+5,
835.00,6.56654688E+5,
836.00,6.58329750E+5,
837.00,6.60004938E+5,
838.00,6.61679875E+5,
839.00,6.63354375E+5,
840.00,6.65028063E+5,
841.00,6.66700813E+5,
842.00,6.68372188E+5,
843.00,6.70041938E+5,
844.00,6.71709625E+5,
845.00,6.73375000E+5,
846.00,6.75037688E+5,
847.00,6.76697313E+5,
848.00,6.78353563E+5,
849.00,6.80006188E+5,
850.00,6.81654750E+5,
851.00,6.83297188E+5,
852.00,6.84935563E+5,
853.00,6.86569875E+5,
854.00,6.88200063E+5,
855.00,6.89826000E+5,
856.00,6.91447813E+5,
857.00,6.93065563E+5,
858.00,6.94679063E+5,
859.00,6.96288438E+5,
860.00,6.97893563E+5,
861.00,6.99494500E+5,
862.00,7.01091188E+5,
863.00,7.02683688E+5,
864.00,7.04271938E+5,
865.00,7.05856000E+5,
866.00,7.07435750E+5,
867.00,7.09011188E+5,
868.00,7.10582375E+5,
869.00,7.12149250E+5,
870.00,7.13711813E+5,
871.00,7.15270125E+5,
872.00,7.16824000E+5,
873.00,7.18373563E+5,
874.00,7.19918813E+5,
875.00,7.21459750E+5,
876.00,7.22996250E+5,
877.00,7.24528438E+5,
878.00,7.26056250E+5,
879.00,7.27579688E+5,
880.00,7.29098750E+5,
881.00,7.30613313E+5,
882.00,7.32123563E+5,
883.00,7.33629375E+5,
884.00,7.35130813E+5,
885.00,7.36627750E+5,
886.00,7.38120313E+5,
887.00,7.39608313E+5,
888.00,7.41092000E+5,
889.00,7.42571188E+5,
890.00,7.44045875E+5,
891.00,7.45516125E+5,
892.00,7.46981875E+5,
893.00,7.48443188E+5,
894.00,7.49900000E+5,
895.00,7.51352313E+5,
896.00,7.52800000E+5,
897.00,7.54243375E+5,
898.00,7.55682250E+5,
899.00,7.57116563E+5,
900.00,7.58546375E+5,
901.00,7.59971625E+5,
902.00,7.61392375E+5,
903.00,7.62808750E+5,
904.00,7.64220563E+5,
905.00,7.65627813E+5,
906.00,7.67030563E+5,
907.00,7.68428875E+5,
908.00,7.69822625E+5,
909.00,7.71211938E+5,
910.00,7.72596750E+5,
911.00,7.73977000E+5,
912.00,7.75352813E+5,
913.00,7.76724063E+5,
914.00,7.78090938E+5,
915.00,7.79453313E+5,
916.00,7.80811188E+5,
917.00,7.82164500E+5,
918.00,7.83513375E+5,
919.00,7.84857875E+5,
920.00,7.86197750E+5,
921.00,7.87533188E+5,
922.00,7.88864188E+5,
923.00,7.90190688E+5,
924.00,7.91512750E+5,
925.00,7.92830313E+5,
926.00,7.94143375E+5,
927.00,7.95452000E+5,
928.00,7.96756125E+5,
929.00,7.98055813E+5,
930.00,7.99351063E+5,
931.00,8.00641813E+5,
932.00,8.01928188E+5,
933.00,8.03210000E+5,
934.00,8.04487375E+5,
935.00,8.05760375E+5,
936.00,8.07028875E+5,
937.00,8.08292875E+5,
938.00,8.09552500E+5,
939.00,8.10807625E+5,
940.00,8.12058313E+5,
941.00,8.13304500E+5,
942.00,8.14546375E+5,
943.00,8.15783688E+5,
944.00,8.17016625E+5,
945.00,8.18245125E+5,
946.00,8.19469188E+5,
947.00,8.20688813E+5,
948.00,8.21904000E+5,
949.00,8.23114750E+5,
950.00,8.24321125E+5,
951.00,8.25523000E+5,
952.00,8.26720438E+5,
953.00,8.27913500E+5,
954.00,8.29102063E+5,
955.00,8.30286313E+5,
956.00,8.31466125E+5,
957.00,8.32641500E+5,
958.00,8.33812375E+5,
959.00,8.34978938E+5,
960.00,8.36141063E+5,
961.00,8.37298750E+5,
962.00,8.38452000E+5,
963.00,8.39600938E+5,
964.00,8.40745375E+5,
965.00,8.41885438E+5,
966.00,8.43021125E+5,
967.00,8.44152438E+5,
968.00,8.45279313E+5,
969.00,8.46401688E+5,
970.00,8.47519813E+5,
971.00,8.48633438E+5,
972.00,8.49742750E+5,
973.00,8.50847625E+5,
974.00,8.51948125E+5,
975.00,8.53044250E+5,
976.00,8.54135875E+5,
977.00,8.55223313E+5,
978.00,8.56306250E+5,
979.00,8.57384813E+5,
980.00,8.58458938E+5,
981.00,8.59528813E+5,
982.00,8.60594250E+5,
983.00,8.61655250E+5,
984.00,8.62711938E+5,
985.00,8.63764250E+5,
986.00,8.64812188E+5,
987.00,8.65855750E+5,
988.00,8.66894938E+5,
989.00,8.67929688E+5,
990.00,8.68960188E+5,
991.00,8.69986313E+5,
992.00,8.71008063E+5,
993.00,8.72025438E+5,
994.00,8.73038500E+5,
995.00,8.74047125E+5,
996.00,8.75051438E+5,
997.00,8.76051313E+5,
998.00,8.77047000E+5,
999.00,8.78038250E+5,
1000.00,8.79025125E+5,
1001.000,8.80007688E+5,
1002.000,8.80985938E+5,
1003.000,8.81959813E+5,
1004.000,8.82929375E+5,
1005.000,8.83894563E+5,
1006.000,8.84855500E+5,
1007.000,8.85812000E+5,
1008.000,8.86764313E+5,
1009.000,8.87712188E+5,
1010.00,8.88655813E+5,
1011.000,8.89595125E+5,
1012.000,8.90530125E+5,
1013.000,8.91460875E+5,
1014.000,8.92387313E+5,
1015.000,8.93309500E+5,
1016.000,8.94227313E+5,
1017.000,8.95140938E+5,
1018.000,8.96050250E+5,
1019.000,8.96955188E+5,
1020.00,8.97856063E+5,
1021.000,8.98752563E+5,
1022.000,8.99644813E+5,
1023.000,9.00532750E+5,
1024.000,9.01416438E+5,
1025.000,9.02296000E+5,
1026.000,9.03171188E+5,
1027.000,9.04042188E+5,
1028.000,9.04909000E+5,
1029.000,9.05771563E+5,
1030.00,9.06629875E+5,
1031.000,9.07484000E+5,
1032.000,9.08333875E+5,
1033.000,9.09179500E+5,
1034.000,9.10021000E+5,
1035.000,9.10858250E+5,
1036.000,9.11691313E+5,
1037.000,9.12520188E+5,
1038.000,9.13344813E+5,
1039.000,9.14165313E+5,
1040.00,9.14981625E+5,
1041.000,9.15793750E+5,
1042.000,9.16601688E+5,
1043.000,9.17405375E+5,
1044.000,9.18205063E+5,
1045.000,9.19000500E+5,
1046.000,9.19791813E+5,
1047.000,9.20578875E+5,
1048.000,9.21361875E+5,
1049.000,9.22140750E+5,
1050.00,9.22915438E+5,
1051.000,9.23685938E+5,
1052.000,9.24452375E+5,
1053.000,9.25214688E+5,
1054.000,9.25972875E+5,
1055.000,9.26726875E+5,
1056.000,9.27476813E+5,
1057.000,9.28222688E+5,
1058.000,9.28964313E+5,
1059.000,9.29702000E+5,
1060.00,9.30435438E+5,
1061.000,9.31164813E+5,
1062.000,9.31890188E+5,
1063.000,9.32611375E+5,
1064.000,9.33328500E+5,
1065.000,9.34041625E+5,
1066.000,9.34750563E+5,
1067.000,9.35455500E+5,
1068.000,9.36156375E+5,
1069.000,9.36853188E+5,
1070.00,9.37545875E+5,
1071.000,9.38234625E+5,
1072.000,9.38919188E+5,
1073.000,9.39599813E+5,
1074.000,9.40276313E+5,
1075.000,9.40948875E+5,
1076.000,9.41617313E+5,
1077.000,9.42281688E+5,
1078.000,9.42942250E+5,
1079.000,9.43598563E+5,
1080.00,9.44250938E+5,
1081.000,9.44899375E+5,
1082.000,9.45543688E+5,
1083.000,9.46184063E+5,
1084.000,9.46820438E+5,
1085.000,9.47452750E+5,
1086.000,9.48081188E+5,
1087.000,9.48705563E+5,
1088.000,9.49325938E+5,
1089.000,9.49942375E+5,
1090.00,9.50554813E+5,
1091.000,9.51163313E+5,
1092.000,9.51767813E+5,
1093.000,9.52368438E+5,
1094.000,9.52965000E+5,
1095.000,9.53557625E+5,
1096.000,9.54146313E+5,
1097.000,9.54731125E+5,
1098.000,9.55311875E+5,
1099.000,9.55888750E+5,
1100.00,9.56461688E+5,
1101.000,9.57030688E+5,
1102.000,9.57595750E+5,
1103.000,9.58156938E+5,
1104.000,9.58714250E+5,
1105.000,9.59267563E+5,
1106.000,9.59817125E+5,
1107.000,9.60362688E+5,
1108.000,9.60904438E+5,
1109.000,9.61442375E+5,
1110.00,9.61976438E+5,
1111.000,9.62506563E+5,
1112.000,9.63032875E+5,
1113.000,9.63555438E+5,
1114.000,9.64074125E+5,
1115.000,9.64589125E+5,
1116.000,9.65100125E+5,
1117.000,9.65607438E+5,
1118.000,9.66111000E+5,
1119.000,9.66610688E+5,
1120.00,9.67106688E+5,
1121.000,9.67598875E+5,
1122.000,9.68087313E+5,
1123.000,9.68571938E+5,
1124.000,9.69052938E+5,
1125.000,9.69530188E+5,
1126.000,9.70003688E+5,
1127.000,9.70473563E+5,
1128.000,9.70939688E+5,
1129.000,9.71402063E+5,
1130.00,9.71860813E+5,
1131.000,9.72315813E+5,
1132.000,9.72767250E+5,
1133.000,9.73214938E+5,
1134.000,9.73659000E+5,
1135.000,9.74099500E+5,
1136.000,9.74536313E+5,
1137.000,9.74969375E+5,
1138.000,9.75399000E+5,
1139.000,9.75824875E+5,
1140.00,9.76247188E+5,
1141.000,9.76666000E+5,
1142.000,9.77081125E+5,
1143.000,9.77492750E+5,
1144.000,9.77900688E+5,
1145.000,9.78305188E+5,
1146.000,9.78706125E+5,
1147.000,9.79103438E+5,
1148.000,9.79497188E+5,
1149.000,9.79887563E+5,
1150.00,9.80274250E+5,
1151.000,9.80657563E+5,
1152.000,9.81037375E+5,
1153.000,9.81413625E+5,
1154.000,9.81786438E+5,
1155.000,9.82155750E+5,
1156.000,9.82521563E+5,
1157.000,9.82883938E+5,
1158.000,9.83242875E+5,
1159.000,9.83598375E+5,
1160.00,9.83950438E+5,
1161.000,9.84299125E+5,
1162.000,9.84644250E+5,
1163.000,9.84986063E+5,
1164.000,9.85324500E+5,
1165.000,9.85659438E+5,
1166.000,9.85991125E+5,
1167.000,9.86319313E+5,
1168.000,9.86644250E+5,
1169.000,9.86965813E+5,
1170.00,9.87283938E+5,
1171.000,9.87598750E+5,
1172.000,9.87910250E+5,
1173.000,9.88218438E+5,
1174.000,9.88523313E+5,
1175.000,9.88824875E+5,
1176.000,9.89123000E+5,
1177.000,9.89418000E+5,
1178.000,9.89709688E+5,
1179.000,9.89998063E+5,
1180.00,9.90283188E+5,
1181.000,9.90565063E+5,
1182.000,9.90843688E+5,
1183.000,9.91119063E+5,
1184.000,9.91391188E+5,
1185.000,9.91660125E+5,
1186.000,9.91925813E+5,
1187.000,9.92188250E+5,
1188.000,9.92447500E+5,
1189.000,9.92703688E+5,
1190.00,9.92956563E+5,
1191.000,9.93206313E+5,
1192.000,9.93452875E+5,
1193.000,9.93696250E+5,
1194.000,9.93936625E+5,
1195.000,9.94173750E+5,
1196.000,9.94407688E+5,
1197.000,9.94638563E+5,
1198.000,9.94866375E+5,
1199.000,9.95091000E+5,
1200.00,9.95312438E+5,
1201.000,9.95530938E+5,
1202.000,9.95746313E+5,
1203.000,9.95958625E+5,
1204.000,9.96167813E+5,
1205.000,9.96374000E+5,
1206.000,9.96577125E+5,
1207.000,9.96777188E+5,
1208.000,9.96974188E+5,
1209.000,9.97168250E+5,
1210.00,9.97359188E+5,
1211.000,9.97547188E+5,
1212.000,9.97732188E+5,
1213.000,9.97914188E+5,
1214.000,9.98093250E+5,
1215.000,9.98269250E+5,
1216.000,9.98442313E+5,
1217.000,9.98612375E+5,
1218.000,9.98779500E+5,
1219.000,9.98943750E+5,
1220.00,9.99105063E+5,
1221.000,9.99263313E+5,
1222.000,9.99418750E+5,
1223.000,9.99571250E+5,
1224.000,9.99720813E+5,
1225.000,9.99867563E+5,
1226.000,1.00001138E+6,
1227.000,1.00015231E+6,
1228.000,1.00029038E+6,
1229.000,1.00042563E+6,
1230.00,1.00055800E+6,
1231.000,1.00068738E+6,
1232.000,1.00081406E+6,
1233.000,1.00093788E+6,
1234.000,1.00105888E+6,
1235.000,1.00117713E+6,
1236.000,1.00129250E+6,
1237.000,1.00140506E+6,
1238.000,1.00151488E+6,
1239.000,1.00162194E+6,
1240.00,1.00172619E+6,
1241.000,1.00182769E+6,
1242.000,1.00192638E+6,
1243.000,1.00202231E+6,
1244.000,1.00211556E+6,
1245.000,1.00220606E+6,
1246.000,1.00229381E+6,
1247.000,1.00237881E+6,
1248.000,1.00246125E+6,
1249.000,1.00254088E+6,
1250.00,1.00261788E+6,
1251.000,1.00269206E+6,
1252.000,1.00276369E+6,
1253.000,1.00283263E+6,
1254.000,1.00289888E+6,
1255.000,1.00296256E+6,
1256.000,1.00302350E+6,
1257.000,1.00308188E+6,
1258.000,1.00313750E+6,
1259.000,1.00319063E+6,
1260.00,1.00324113E+6,
1261.000,1.00328900E+6,
1262.000,1.00333425E+6,
1263.000,1.00337700E+6,
1264.000,1.00341706E+6,
1265.000,1.00345469E+6,
1266.000,1.00348963E+6,
1267.000,1.00352206E+6,
1268.000,1.00355194E+6,
1269.000,1.00357931E+6,
1270.00,1.00360413E+6,
1271.000,1.00362644E+6,
1272.000,1.00364625E+6,
1273.000,1.00366356E+6,
1274.000,1.00367831E+6,
1275.000,1.00369063E+6,
1276.000,1.00370044E+6,
1277.000,1.00370775E+6,
1278.000,1.00371256E+6,
1279.000,1.00371506E+6,
1280.00,1.00371506E+6,
1281.000,1.00371250E+6,
1282.000,1.00370769E+6,
1283.000,1.00370038E+6,
1284.000,1.00369063E+6,
1285.000,1.00367844E+6,
1286.000,1.00366394E+6,
1287.000,1.00364706E+6,
1288.000,1.00362763E+6,
1289.000,1.00360600E+6,
1290.00,1.00358194E+6,
1291.000,1.00355556E+6,
1292.000,1.00352675E+6,
1293.000,1.00349569E+6,
1294.000,1.00346225E+6,
1295.000,1.00342650E+6,
1296.000,1.00338831E+6,
1297.000,1.00334800E+6,
1298.000,1.00330525E+6,
1299.000,1.00326031E+6,
1300.00,1.00321300E+6,
1301.000,1.00316350E+6,
1302.000,1.00311169E+6,
1303.000,1.00305756E+6,
1304.000,1.00300119E+6,
1305.000,1.00294263E+6,
1306.000,1.00288175E+6,
1307.000,1.00281863E+6,
1308.000,1.00275325E+6,
1309.000,1.00268563E+6,
1310.00,1.00261575E+6,
1311.000,1.00254363E+6,
1312.000,1.00246931E+6,
1313.000,1.00239275E+6,
1314.000,1.00231406E+6,
1315.000,1.00223306E+6,
1316.000,1.00214988E+6,
1317.000,1.00206444E+6,
1318.000,1.00197681E+6,
1319.000,1.00188700E+6,
1320.00,1.00179500E+6,
1321.000,1.00170075E+6,
1322.000,1.00160431E+6,
1323.000,1.00150575E+6,
1324.000,1.00140494E+6,
1325.000,1.00130206E+6,
1326.000,1.00119688E+6,
1327.000,1.00108956E+6,
1328.000,1.00098019E+6,
1329.000,1.00086850E+6,
1330.00,1.00075475E+6,
1331.000,1.00063875E+6,
1332.000,1.00052075E+6,
1333.000,1.00040050E+6,
1334.000,1.00027813E+6,
1335.000,1.00015369E+6,
1336.000,1.00002700E+6,
1337.000,9.99898313E+5,
1338.000,9.99767375E+5,
1339.000,9.99634438E+5,
1340.00,9.99499313E+5,
1341.000,9.99362063E+5,
1342.000,9.99222750E+5,
1343.000,9.99081250E+5,
1344.000,9.98937750E+5,
1345.000,9.98792125E+5,
1346.000,9.98644375E+5,
1347.000,9.98494625E+5,
1348.000,9.98342750E+5,
1349.000,9.98188688E+5,
1350.00,9.98032750E+5,
1351.000,9.97874625E+5,
1352.000,9.97714438E+5,
1353.000,9.97552250E+5,
1354.000,9.97387938E+5,
1355.000,9.97221625E+5,
1356.000,9.97053188E+5,
1357.000,9.96882750E+5,
1358.000,9.96710313E+5,
1359.000,9.96535750E+5,
1360.00,9.96359250E+5,
1361.000,9.96180625E+5,
1362.000,9.96000063E+5,
1363.000,9.95817438E+5,
1364.000,9.95632813E+5,
1365.000,9.95446188E+5,
1366.000,9.95257500E+5,
1367.000,9.95066813E+5,
1368.000,9.94874188E+5,
1369.000,9.94679563E+5,
1370.00,9.94482875E+5,
1371.000,9.94284250E+5,
1372.000,9.94083688E+5,
1373.000,9.93881125E+5,
1374.000,9.93676500E+5,
1375.000,9.93470063E+5,
1376.000,9.93261563E+5,
1377.000,9.93051063E+5,
1378.000,9.92838688E+5,
1379.000,9.92624250E+5,
1380.00,9.92407938E+5,
1381.000,9.92189688E+5,
1382.000,9.91969500E+5,
1383.000,9.91747313E+5,
1384.000,9.91523313E+5,
1385.000,9.91297250E+5,
1386.000,9.91069375E+5,
1387.000,9.90839500E+5,
1388.000,9.90607688E+5,
1389.000,9.90374063E+5,
1390.00,9.90138500E+5,
1391.000,9.89901000E+5,
1392.000,9.89661563E+5,
1393.000,9.89420313E+5,
1394.000,9.89177188E+5,
1395.000,9.88932125E+5,
1396.000,9.88685188E+5,
1397.000,9.88436375E+5,
1398.000,9.88185625E+5,
1399.000,9.87933063E+5,
1400.00,9.87678625E+5,
1401.000,9.87422375E+5,
1402.000,9.87164188E+5,
1403.000,9.86904188E+5,
1404.000,9.86642375E+5,
1405.000,9.86378688E+5,
1406.000,9.86113188E+5,
1407.000,9.85845875E+5,
1408.000,9.85576688E+5,
1409.000,9.85305875E+5,
1410.00,9.85033125E+5,
1411.000,9.84758688E+5,
1412.000,9.84482375E+5,
1413.000,9.84204375E+5,
1414.000,9.83924625E+5,
1415.000,9.83643000E+5,
1416.000,9.83359688E+5,
1417.000,9.83074625E+5,
1418.000,9.82787875E+5,
1419.000,9.82499375E+5,
1420.00,9.82209188E+5,
1421.000,9.81917250E+5,
1422.000,9.81623625E+5,
1423.000,9.81328313E+5,
1424.000,9.81031250E+5,
1425.000,9.80732688E+5,
1426.000,9.80432313E+5,
1427.000,9.80130313E+5,
1428.000,9.79826625E+5,
1429.000,9.79521313E+5,
1430.00,9.79214375E+5,
1431.000,9.78905750E+5,
1432.000,9.78595563E+5,
1433.000,9.78283750E+5,
1434.000,9.77970313E+5,
1435.000,9.77655250E+5,
1436.000,9.77338688E+5,
1437.000,9.77020500E+5,
1438.000,9.76700750E+5,
1439.000,9.76379375E+5,
1440.00,9.76056500E+5,
1441.000,9.75732000E+5,
1442.000,9.75405938E+5,
1443.000,9.75078375E+5,
1444.000,9.74749313E+5,
1445.000,9.74418688E+5,
1446.000,9.74086563E+5,
1447.000,9.73752938E+5,
1448.000,9.73417813E+5,
1449.000,9.73081125E+5,
1450.00,9.72743063E+5,
1451.000,9.72403438E+5,
1452.000,9.72062375E+5,
1453.000,9.71719938E+5,
1454.000,9.71375938E+5,
1455.000,9.71030500E+5,
1456.000,9.70683625E+5,
1457.000,9.70335375E+5,
1458.000,9.69985625E+5,
1459.000,9.69634500E+5,
1460.00,9.69281938E+5,
1461.000,9.68928063E+5,
1462.000,9.68572688E+5,
1463.000,9.68215938E+5,
1464.000,9.67857875E+5,
1465.000,9.67498438E+5,
1466.000,9.67137563E+5,
1467.000,9.66775438E+5,
1468.000,9.66412000E+5,
1469.000,9.66047063E+5,
1470.00,9.65680813E+5,
1471.000,9.65313313E+5,
1472.000,9.64944500E+5,
1473.000,9.64574375E+5,
1474.000,9.64203000E+5,
1475.000,9.63830250E+5,
1476.000,9.63456125E+5,
1477.000,9.63080875E+5,
1478.000,9.62704313E+5,
1479.000,9.62326500E+5,
1480.00,9.61947375E+5,
1481.000,9.61567063E+5,
1482.000,9.61185500E+5,
1483.000,9.60802688E+5,
1484.000,9.60418688E+5,
1485.000,9.60033438E+5,
1486.000,9.59647000E+5,
1487.000,9.59259313E+5,
1488.000,9.58870500E+5,
1489.000,9.58480500E+5,
1490.00,9.58089313E+5,
1491.000,9.57696875E+5,
1492.000,9.57303375E+5,
1493.000,9.56908688E+5,
1494.000,9.56512813E+5,
1495.000,9.56115938E+5,
1496.000,9.55717750E+5,
1497.000,9.55318625E+5,
1498.000,9.54918188E+5,
1499.000,9.54516813E+5,
1500.00,9.54114250E+5,
1501.000,9.53710563E+5,
1502.000,9.53305875E+5,
1503.000,9.52900000E+5,
1504.000,9.52493188E+5,
1505.000,9.52085188E+5,
1506.000,9.51676125E+5,
1507.000,9.51266063E+5,
1508.000,9.50854875E+5,
1509.000,9.50442625E+5,
1510.00,9.50029313E+5,
1511.000,9.49615000E+5,
1512.000,9.49199625E+5,
1513.000,9.48783188E+5,
1514.000,9.48365688E+5,
1515.000,9.47947188E+5,
1516.000,9.47527625E+5,
1517.000,9.47107000E+5,
1518.000,9.46685438E+5,
1519.000,9.46262813E+5,
1520.00,9.45839188E+5,
1521.000,9.45414563E+5,
1522.000,9.44988938E+5,
1523.000,9.44562250E+5,
1524.000,9.44134563E+5,
1525.000,9.43705938E+5,
1526.000,9.43276250E+5,
1527.000,9.42845688E+5,
1528.000,9.42414000E+5,
1529.000,9.41981500E+5,
1530.00,9.41547938E+5,
1531.000,9.41113375E+5,
1532.000,9.40677875E+5,
1533.000,9.40241438E+5,
1534.000,9.39804000E+5,
1535.000,9.39365563E+5,
1536.000,9.38926250E+5,
1537.000,9.38486000E+5,
1538.000,9.38044750E+5,
1539.000,9.37602563E+5,
1540.00,9.37159438E+5,
1541.000,9.36715438E+5,
1542.000,9.36270500E+5,
1543.000,9.35824563E+5,
1544.000,9.35377875E+5,
1545.000,9.34930063E+5,
1546.000,9.34481500E+5,
1547.000,9.34031938E+5,
1548.000,9.33581438E+5,
1549.000,9.33130188E+5,
1550.00,9.32677938E+5,
1551.000,9.32224813E+5,
1552.000,9.31770750E+5,
1553.000,9.31315875E+5,
1554.000,9.30860125E+5,
1555.000,9.30403500E+5,
1556.000,9.29946000E+5,
1557.000,9.29487625E+5,
1558.000,9.29028375E+5,
1559.000,9.28568250E+5,
1560.00,9.28107313E+5,
1561.000,9.27645500E+5,
1562.000,9.27182875E+5,
1563.000,9.26719438E+5,
1564.000,9.26255000E+5,
1565.000,9.25789875E+5,
1566.000,9.25323875E+5,
1567.000,9.24857063E+5,
1568.000,9.24389438E+5,
1569.000,9.23920938E+5,
1570.00,9.23451688E+5,
1571.000,9.22981625E+5,
1572.000,9.22510750E+5,
1573.000,9.22039063E+5,
1574.000,9.21566563E+5,
1575.000,9.21093313E+5,
1576.000,9.20619188E+5,
1577.000,9.20144375E+5,
1578.000,9.19668688E+5,
1579.000,9.19192250E+5,
1580.00,9.18715063E+5,
1581.000,9.18237188E+5,
1582.000,9.17758375E+5,
1583.000,9.17278875E+5,
1584.000,9.16798625E+5,
1585.000,9.16317688E+5,
1586.000,9.15835875E+5,
1587.000,9.15353500E+5,
1588.000,9.14870188E+5,
1589.000,9.14386250E+5,
1590.00,9.13901563E+5,
1591.000,9.13416125E+5,
1592.000,9.12929875E+5,
1593.000,9.12443063E+5,
1594.000,9.11955500E+5,
1595.000,9.11467188E+5,
1596.000,9.10978125E+5,
1597.000,9.10488438E+5,
1598.000,9.09998000E+5,
1599.000,9.09506875E+5,
1600.00,9.09015000E+5,
1601.000,9.08522500E+5,
1602.000,9.08029313E+5,
1603.000,9.07535500E+5,
1604.000,9.07041000E+5,
1605.000,9.06545688E+5,
1606.000,9.06049813E+5,
1607.000,9.05553188E+5,
1608.000,9.05056000E+5,
1609.000,9.04558063E+5,
1610.00,9.04059563E+5,
1611.000,9.03560250E+5,
1612.000,9.03060438E+5,
1613.000,9.02559875E+5,
1614.000,9.02058688E+5,
1615.000,9.01556938E+5,
1616.000,9.01054375E+5,
1617.000,9.00551313E+5,
1618.000,9.00047500E+5,
1619.000,8.99543125E+5,
1620.00,8.99038188E+5,
1621.000,8.98532563E+5,
1622.000,8.98026250E+5,
1623.000,8.97519438E+5,
1624.000,8.97011875E+5,
1625.000,8.96503750E+5,
1626.000,8.95995000E+5,
1627.000,8.95485625E+5,
1628.000,8.94975688E+5,
1629.000,8.94465250E+5,
1630.00,8.93954000E+5,
1631.000,8.93442250E+5,
1632.000,8.92929938E+5,
1633.000,8.92417000E+5,
1634.000,8.91903500E+5,
1635.000,8.91389375E+5,
1636.000,8.90874688E+5,
1637.000,8.90359438E+5,
1638.000,8.89843563E+5,
1639.000,8.89327188E+5,
1640.00,8.88810188E+5,
1641.000,8.88292625E+5,
1642.000,8.87774563E+5,
1643.000,8.87255813E+5,
1644.000,8.86736563E+5,
1645.000,8.86216750E+5,
1646.000,8.85696438E+5,
1647.000,8.85175563E+5,
1648.000,8.84654188E+5,
1649.000,8.84132188E+5,
1650.00,8.83609625E+5,
1651.000,8.83086625E+5,
1652.000,8.82563000E+5,
1653.000,8.82038938E+5,
1654.000,8.81514250E+5,
1655.000,8.80989063E+5,
1656.000,8.80463375E+5,
1657.000,8.79937188E+5,
1658.000,8.79410500E+5,
1659.000,8.78883250E+5,
1660.00,8.78355563E+5,
1661.000,8.77827250E+5,
1662.000,8.77298500E+5,
1663.000,8.76769250E+5,
1664.000,8.76239438E+5,
1665.000,8.75709250E+5,
1666.000,8.75178563E+5,
1667.000,8.74647313E+5,
1668.000,8.74115688E+5,
1669.000,8.73583375E+5,
1670.00,8.73050813E+5,
1671.000,8.72517625E+5,
1672.000,8.71983938E+5,
1673.000,8.71449938E+5,
1674.000,8.70915375E+5,
1675.000,8.70380375E+5,
1676.000,8.69844938E+5,
1677.000,8.69309000E+5,
1678.000,8.68772625E+5,
1679.000,8.68235750E+5,
1680.00,8.67698500E+5,
1681.000,8.67160813E+5,
1682.000,8.66622625E+5,
1683.000,8.66084000E+5,
1684.000,8.65545000E+5,
1685.000,8.65005500E+5,
1686.000,8.64465625E+5,
1687.000,8.63925313E+5,
1688.000,8.63384563E+5,
1689.000,8.62843375E+5,
1690.00,8.62301813E+5,
1691.000,8.61759750E+5,
1692.000,8.61217375E+5,
1693.000,8.60674563E+5,
1694.000,8.60131313E+5,
1695.000,8.59587688E+5,
1696.000,8.59043688E+5,
1697.000,8.58499250E+5,
1698.000,8.57954438E+5,
1699.000,8.57409188E+5,
1700.00,8.56863625E+5,
1701.000,8.56317688E+5,
1702.000,8.55771313E+5,
1703.000,8.55224563E+5,
1704.000,8.54677500E+5,
1705.000,8.54130000E+5,
1706.000,8.53582125E+5,
1707.000,8.53033938E+5,
1708.000,8.52485375E+5,
1709.000,8.51936375E+5,
1710.00,8.51387188E+5,
1711.000,8.50837500E+5,
1712.000,8.50287563E+5,
1713.000,8.49737250E+5,
1714.000,8.49186500E+5,
1715.000,8.48635563E+5,
1716.000,8.48084188E+5,
1717.000,8.47532500E+5,
1718.000,8.46980563E+5,
1719.000,8.46428188E+5,
1720.00,8.45875500E+5,
1721.000,8.45322625E+5,
1722.000,8.44769250E+5,
1723.000,8.44215688E+5,
1724.000,8.43661750E+5,
1725.000,8.43107500E+5,
1726.000,8.42553125E+5,
1727.000,8.41998250E+5,
1728.000,8.41443188E+5,
1729.000,8.40887750E+5,
1730.00,8.40332000E+5,
1731.000,8.39776063E+5,
1732.000,8.39219813E+5,
1733.000,8.38663250E+5,
1734.000,8.38106500E+5,
1735.000,8.37549375E+5,
1736.000,8.36992000E+5,
1737.000,8.36434438E+5,
1738.000,8.35876500E+5,
1739.000,8.35318375E+5,
1740.00,8.34759938E+5,
1741.000,8.34201250E+5,
1742.000,8.33642375E+5,
1743.000,8.33083250E+5,
1744.000,8.32523875E+5,
1745.000,8.31964125E+5,
1746.000,8.31404250E+5,
1747.000,8.30844125E+5,
1748.000,8.30283813E+5,
1749.000,8.29723313E+5,
1750.00,8.29162500E+5,
1751.000,8.28601438E+5,
1752.000,8.28040188E+5,
1753.000,8.27478813E+5,
1754.000,8.26917125E+5,
1755.000,8.26355188E+5,
1756.000,8.25793125E+5,
1757.000,8.25230875E+5,
1758.000,8.24668375E+5,
1759.000,8.24105688E+5,
1760.00,8.23542875E+5,
1761.000,8.22979750E+5,
1762.000,8.22416563E+5,
1763.000,8.21853188E+5,
1764.000,8.21289500E+5,
1765.000,8.20725750E+5,
1766.000,8.20161813E+5,
1767.000,8.19597688E+5,
1768.000,8.19033438E+5,
1769.000,8.18469000E+5,
1770.00,8.17904375E+5,
1771.000,8.17339563E+5,
1772.000,8.16774688E+5,
1773.000,8.16209563E+5,
1774.000,8.15644438E+5,
1775.000,8.15079000E+5,
1776.000,8.14513563E+5,
1777.000,8.13947938E+5,
1778.000,8.13382188E+5,
1779.000,8.12816188E+5,
1780.00,8.12250250E+5,
1781.000,8.11684063E+5,
1782.000,8.11117813E+5,
1783.000,8.10551375E+5,
1784.000,8.09985000E+5,
1785.000,8.09418375E+5,
1786.000,8.08851688E+5,
1787.000,8.08284750E+5,
1788.000,8.07717875E+5,
1789.000,8.07150875E+5,
1790.00,8.06583688E+5,
1791.000,8.06016563E+5,
1792.000,8.05449250E+5,
1793.000,8.04881875E+5,
1794.000,8.04314375E+5,
1795.000,8.03746813E+5,
1796.000,8.03179250E+5,
1797.000,8.02611563E+5,
1798.000,8.02043875E+5,
1799.000,8.01476000E+5,
1800.00,8.00908125E+5,
1801.000,8.00340188E+5,
1802.000,7.99772188E+5,
1803.000,7.99204063E+5,
1804.000,7.98636063E+5,
1805.000,7.98067813E+5,
1806.000,7.97499625E+5,
1807.000,7.96931375E+5,
1808.000,7.96363000E+5,
1809.000,7.95794625E+5,
1810.00,7.95226188E+5,
1811.000,7.94657688E+5,
1812.000,7.94089125E+5,
1813.000,7.93520563E+5,
1814.000,7.92951938E+5,
1815.000,7.92383250E+5,
1816.000,7.91814563E+5,
1817.000,7.91245688E+5,
1818.000,7.90676875E+5,
1819.000,7.90108063E+5,
1820.00,7.89539125E+5,
1821.000,7.88970125E+5,
1822.000,7.88401125E+5,
1823.000,7.87832125E+5,
1824.000,7.87263000E+5,
1825.000,7.86693875E+5,
1826.000,7.86124750E+5,
1827.000,7.85555500E+5,
1828.000,7.84986188E+5,
1829.000,7.84416938E+5,
1830.00,7.83847625E+5,
1831.000,7.83278250E+5,
1832.000,7.82708813E+5,
1833.000,7.82139438E+5,
1834.000,7.81569938E+5,
1835.000,7.81000438E+5,
1836.000,7.80430938E+5,
1837.000,7.79861250E+5,
1838.000,7.79291625E+5,
1839.000,7.78722000E+5,
1840.00,7.78152375E+5,
1841.000,7.77582688E+5,
1842.000,7.77012938E+5,
1843.000,7.76443188E+5,
1844.000,7.75873438E+5,
1845.000,7.75303563E+5,
1846.000,7.74733750E+5,
1847.000,7.74163813E+5,
1848.000,7.73594000E+5,
1849.000,7.73024125E+5,
1850.00,7.72454125E+5,
1851.000,7.71884125E+5,
1852.000,7.71314250E+5,
1853.000,7.70744188E+5,
1854.000,7.70174188E+5,
1855.000,7.69604125E+5,
1856.000,7.69034063E+5,
1857.000,7.68464063E+5,
1858.000,7.67893875E+5,
1859.000,7.67323750E+5,
1860.00,7.66753750E+5,
1861.000,7.66183563E+5,
1862.000,7.65613375E+5,
1863.000,7.65043125E+5,
1864.000,7.64473063E+5,
1865.000,7.63902813E+5,
1866.000,7.63332625E+5,
1867.000,7.62762375E+5,
1868.000,7.62192063E+5,
1869.000,7.61621938E+5,
1870.00,7.61051688E+5,
1871.000,7.60481375E+5,
1872.000,7.59911125E+5,
1873.000,7.59340875E+5,
1874.000,7.58770563E+5,
1875.000,7.58200250E+5,
1876.000,7.57629938E+5,
1877.000,7.57059750E+5,
1878.000,7.56489438E+5,
1879.000,7.55919125E+5,
1880.00,7.55348813E+5,
1881.000,7.54778500E+5,
1882.000,7.54208250E+5,
1883.000,7.53637875E+5,
1884.000,7.53067563E+5,
1885.000,7.52497250E+5,
1886.000,7.51927000E+5,
1887.000,7.51356750E+5,
1888.000,7.50786438E+5,
1889.000,7.50216125E+5,
1890.00,7.49645813E+5,
1891.000,7.49075625E+5,
1892.000,7.48505313E+5,
1893.000,7.47935063E+5,
1894.000,7.47364750E+5,
1895.000,7.46794625E+5,
1896.000,7.46224375E+5,
1897.000,7.45654125E+5,
1898.000,7.45083875E+5,
1899.000,7.44513750E+5,
1900.00,7.43943563E+5,
1901.000,7.43373375E+5,
1902.000,7.42803188E+5,
1903.000,7.42233063E+5,
1904.000,7.41663063E+5,
1905.000,7.41092938E+5,
1906.000,7.40522875E+5,
1907.000,7.39952938E+5,
1908.000,7.39383000E+5,
1909.000,7.38813188E+5,
1910.00,7.38243375E+5,
1911.000,7.37673563E+5,
1912.000,7.37103938E+5,
1913.000,7.36534313E+5,
1914.000,7.35964813E+5,
1915.000,7.35395438E+5,
1916.000,7.34826063E+5,
1917.000,7.34256813E+5,
1918.000,7.33687688E+5,
1919.000,7.33118688E+5,
1920.00,7.32549813E+5,
1921.000,7.31980938E+5,
1922.000,7.31412313E+5,
1923.000,7.30843813E+5,
1924.000,7.30275375E+5,
1925.000,7.29707188E+5,
1926.000,7.29139000E+5,
1927.000,7.28571063E+5,
1928.000,7.28003313E+5,
1929.000,7.27435688E+5,
1930.00,7.26868250E+5,
1931.000,7.26300875E+5,
1932.000,7.25733688E+5,
1933.000,7.25166813E+5,
1934.000,7.24600063E+5,
1935.000,7.24033500E+5,
1936.000,7.23467188E+5,
1937.000,7.22901000E+5,
1938.000,7.22335063E+5,
1939.000,7.21769313E+5,
1940.00,7.21203813E+5,
1941.000,7.20638563E+5,
1942.000,7.20073438E+5,
1943.000,7.19508625E+5,
1944.000,7.18944000E+5,
1945.000,7.18379750E+5,
1946.000,7.17815625E+5,
1947.000,7.17251813E+5,
1948.000,7.16688250E+5,
1949.000,7.16124938E+5,
1950.00,7.15562000E+5,
1951.000,7.14999250E+5,
1952.000,7.14436688E+5,
1953.000,7.13874563E+5,
1954.000,7.13312688E+5,
1955.000,7.12751188E+5,
1956.000,7.12189875E+5,
1957.000,7.11628938E+5,
1958.000,7.11068250E+5,
1959.000,7.10507938E+5,
1960.00,7.09948000E+5,
1961.000,7.09388313E+5,
1962.000,7.08829000E+5,
1963.000,7.08270000E+5,
1964.000,7.07711313E+5,
1965.000,7.07153000E+5,
1966.000,7.06595125E+5,
1967.000,7.06037500E+5,
1968.000,7.05480375E+5,
1969.000,7.04923500E+5,
1970.00,7.04367063E+5,
1971.000,7.03811063E+5,
1972.000,7.03255313E+5,
1973.000,7.02700063E+5,
1974.000,7.02145125E+5,
1975.000,7.01590750E+5,
1976.000,7.01036688E+5,
1977.000,7.00483000E+5,
1978.000,6.99929750E+5,
1979.000,6.99377000E+5,
1980.00,6.98824625E+5,
1981.000,6.98272688E+5,
1982.000,6.97721125E+5,
1983.000,6.97170188E+5,
1984.000,6.96619625E+5,
1985.000,6.96069500E+5,
1986.000,6.95519750E+5,
1987.000,6.94970625E+5,
1988.000,6.94421938E+5,
1989.000,6.93873688E+5,
1990.00,6.93325938E+5,
1991.000,6.92778625E+5,
1992.000,6.92231875E+5,
1993.000,6.91685625E+5,
1994.000,6.91139875E+5,
1995.000,6.90594563E+5,
1996.000,6.90049875E+5,
1997.000,6.89505688E+5,
1998.000,6.88961938E+5,
1999.000,6.88418875E+5,
2000.00,6.87876125E+5,
2001.000,6.87334125E+5,
2002.000,6.86792625E+5,
2003.000,6.86251563E+5,
2004.000,6.85711125E+5,
2005.000,6.85171250E+5,
2006.000,6.84631875E+5,
2007.000,6.84093125E+5,
2008.000,6.83554938E+5,
2009.000,6.83017250E+5,
2010.00,6.82480000E+5,
2011.000,6.81943438E+5,
2012.000,6.81407375E+5,
2013.000,6.80871875E+5,
2014.000,6.80336938E+5,
2015.000,6.79802563E+5,
2016.000,6.79268688E+5,
2017.000,6.78735438E+5,
2018.000,6.78202688E+5,
2019.000,6.77670438E+5,
2020.00,6.77138875E+5,
2021.000,6.76607750E+5,
2022.000,6.76077313E+5,
2023.000,6.75547250E+5,
2024.000,6.75017875E+5,
2025.000,6.74489125E+5,
2026.000,6.73960750E+5,
2027.000,6.73433063E+5,
2028.000,6.72905938E+5,
2029.000,6.72379313E+5,
2030.00,6.71853313E+5,
2031.000,6.71327750E+5,
2032.000,6.70802875E+5,
2033.000,6.70278500E+5,
2034.000,6.69754750E+5,
2035.000,6.69231563E+5,
2036.000,6.68708875E+5,
2037.000,6.68186813E+5,
2038.000,6.67665313E+5,
2039.000,6.67144313E+5,
2040.00,6.66623938E+5,
2041.000,6.66104125E+5,
2042.000,6.65584875E+5,
2043.000,6.65066188E+5,
2044.000,6.64548063E+5,
2045.000,6.64030563E+5,
2046.000,6.63513688E+5,
2047.000,6.62997188E+5,
2048.000,6.62481438E+5,
2049.000,6.61966125E+5,
2050.00,6.61451563E+5,
2051.000,6.60937375E+5,
2052.000,6.60423875E+5,
2053.000,6.59910938E+5,
2054.000,6.59398563E+5,
2055.000,6.58886813E+5,
2056.000,6.58375625E+5,
2057.000,6.57865000E+5,
2058.000,6.57355000E+5,
2059.000,6.56845500E+5,
2060.00,6.56336625E+5,
2061.000,6.55828375E+5,
2062.000,6.55320563E+5,
2063.000,6.54813500E+5,
2064.000,6.54306875E+5,
2065.000,6.53800938E+5,
2066.000,6.53295625E+5,
2067.000,6.52790875E+5,
2068.000,6.52286625E+5,
2069.000,6.51782938E+5,
2070.00,6.51279875E+5,
2071.000,6.50777438E+5,
2072.000,6.50275688E+5,
2073.000,6.49774375E+5,
2074.000,6.49273688E+5,
2075.000,6.48773625E+5,
2076.000,6.48274125E+5,
2077.000,6.47775250E+5,
2078.000,6.47276875E+5,
2079.000,6.46779188E+5,
2080.00,6.46282063E+5,
2081.000,6.45785563E+5,
2082.000,6.45289625E+5,
2083.000,6.44794313E+5,
2084.000,6.44299625E+5,
2085.000,6.43805500E+5,
2086.000,6.43311875E+5,
2087.000,6.42818938E+5,
2088.000,6.42326625E+5,
2089.000,6.41834875E+5,
2090.00,6.41343750E+5,
2091.000,6.40853188E+5,
2092.000,6.40363250E+5,
2093.000,6.39873938E+5,
2094.000,6.39385188E+5,
2095.000,6.38897063E+5,
2096.000,6.38409563E+5,
2097.000,6.37922625E+5,
2098.000,6.37436313E+5,
2099.000,6.36950625E+5,
2100.00,6.36465500E+5,
2101.000,6.35981063E+5,
2102.000,6.35497188E+5,
2103.000,6.35013875E+5,
2104.000,6.34531188E+5,
2105.000,6.34049188E+5,
2106.000,6.33567688E+5,
2107.000,6.33086875E+5,
2108.000,6.32606625E+5,
2109.000,6.32127063E+5,
2110.00,6.31648063E+5,
2111.000,6.31169625E+5,
2112.000,6.30691938E+5,
2113.000,6.30214813E+5,
2114.000,6.29738188E+5,
2115.000,6.29262313E+5,
2116.000,6.28787000E+5,
2117.000,6.28312313E+5,
2118.000,6.27838250E+5,
2119.000,6.27364813E+5,
2120.00,6.26891938E+5,
2121.000,6.26419750E+5,
2122.000,6.25948188E+5,
2123.000,6.25477125E+5,
2124.000,6.25006813E+5,
2125.000,6.24537063E+5,
2126.000,6.24068000E+5,
2127.000,6.23599500E+5,
2128.000,6.23131625E+5,
2129.000,6.22664375E+5,
2130.00,6.22197813E+5,
2131.000,6.21731750E+5,
2132.000,6.21266375E+5,
2133.000,6.20801688E+5,
2134.000,6.20337563E+5,
2135.000,6.19874063E+5,
2136.000,6.19411250E+5,
2137.000,6.18949000E+5,
2138.000,6.18487375E+5,
2139.000,6.18026438E+5,
2140.00,6.17566063E+5,
2141.000,6.17106375E+5,
2142.000,6.16647250E+5,
2143.000,6.16188875E+5,
2144.000,6.15731000E+5,
2145.000,6.15273875E+5,
2146.000,6.14817313E+5,
2147.000,6.14361438E+5,
2148.000,6.13906125E+5,
2149.000,6.13451438E+5,
2150.00,6.12997438E+5,
2151.000,6.12544063E+5,
2152.000,6.12091313E+5,
2153.000,6.11639250E+5,
2154.000,6.11187813E+5,
2155.000,6.10736938E+5,
2156.000,6.10286813E+5,
2157.000,6.09837313E+5,
2158.000,6.09388313E+5,
2159.000,6.08940125E+5,
2160.00,6.08492500E+5,
2161.000,6.08045500E+5,
2162.000,6.07599125E+5,
2163.000,6.07153500E+5,
2164.000,6.06708500E+5,
2165.000,6.06264000E+5,
2166.000,6.05820313E+5,
2167.000,6.05377188E+5,
2168.000,6.04934688E+5,
2169.000,6.04492813E+5,
2170.00,6.04051688E+5,
2171.000,6.03611125E+5,
2172.000,6.03171250E+5,
2173.000,6.02732063E+5,
2174.000,6.02293500E+5,
2175.000,6.01855563E+5,
2176.000,6.01418250E+5,
2177.000,6.00981625E+5,
2178.000,6.00545688E+5,
2179.000,6.00110375E+5,
2180.00,5.99675688E+5,
2181.000,5.99241688E+5,
2182.000,5.98808313E+5,
2183.000,5.98375625E+5,
2184.000,5.97943563E+5,
2185.000,5.97512125E+5,
2186.000,5.97081438E+5,
2187.000,5.96651375E+5,
2188.000,5.96221938E+5,
2189.000,5.95793188E+5,
2190.00,5.95365125E+5,
2191.000,5.94937625E+5,
2192.000,5.94510813E+5,
2193.000,5.94084688E+5,
2194.000,5.93659250E+5,
2195.000,5.93234500E+5,
2196.000,5.92810375E+5,
2197.000,5.92386813E+5,
2198.000,5.91964000E+5,
2199.000,5.91541875E+5,
2200.00,5.91120375E+5,
2201.000,5.90699563E+5,
2202.000,5.90279375E+5,
2203.000,5.89859875E+5,
2204.000,5.89440938E+5,
2205.000,5.89022688E+5,
2206.000,5.88605125E+5,
2207.000,5.88188063E+5,
2208.000,5.87771625E+5,
2209.000,5.87355875E+5,
2210.00,5.86940625E+5,
2211.000,5.86525938E+5,
2212.000,5.86111813E+5,
2213.000,5.85698313E+5,
2214.000,5.85285375E+5,
2215.000,5.84872938E+5,
2216.000,5.84461000E+5,
2217.000,5.84049688E+5,
2218.000,5.83638813E+5,
2219.000,5.83228500E+5,
2220.00,5.82818625E+5,
2221.000,5.82409313E+5,
2222.000,5.82000375E+5,
2223.000,5.81592000E+5,
2224.000,5.81184063E+5,
2225.000,5.80776625E+5,
2226.000,5.80369563E+5,
2227.000,5.79963000E+5,
2228.000,5.79556813E+5,
2229.000,5.79151125E+5,
2230.00,5.78745750E+5,
2231.000,5.78340875E+5,
2232.000,5.77936375E+5,
2233.000,5.77532188E+5,
2234.000,5.77128438E+5,
2235.000,5.76725000E+5,
2236.000,5.76321938E+5,
2237.000,5.75919250E+5,
2238.000,5.75516938E+5,
2239.000,5.75114938E+5,
2240.00,5.74713250E+5,
2241.000,5.74311938E+5,
2242.000,5.73910813E+5,
2243.000,5.73510063E+5,
2244.000,5.73109625E+5,
2245.000,5.72709438E+5,
2246.000,5.72309563E+5,
2247.000,5.71909938E+5,
2248.000,5.71510500E+5,
2249.000,5.71111375E+5,
2250.00,5.70712500E+5,
2251.000,5.70313750E+5,
2252.000,5.69915313E+5,
2253.000,5.69517063E+5,
2254.000,5.69119063E+5,
2255.000,5.68721188E+5,
2256.000,5.68323563E+5,
2257.000,5.67926063E+5,
2258.000,5.67528750E+5,
2259.000,5.67131625E+5,
2260.00,5.66734625E+5,
2261.000,5.66337750E+5,
2262.000,5.65941000E+5,
2263.000,5.65544438E+5,
2264.000,5.65147938E+5,
2265.000,5.64751563E+5,
2266.000,5.64355313E+5,
2267.000,5.63959125E+5,
2268.000,5.63563063E+5,
2269.000,5.63167000E+5,
2270.00,5.62771063E+5,
2271.000,5.62375125E+5,
2272.000,5.61979250E+5,
2273.000,5.61583438E+5,
2274.000,5.61187688E+5,
2275.000,5.60791875E+5,
2276.000,5.60396125E+5,
2277.000,5.60000375E+5,
2278.000,5.59604625E+5,
2279.000,5.59208813E+5,
2280.00,5.58813000E+5,
2281.000,5.58417250E+5,
2282.000,5.58021313E+5,
2283.000,5.57625438E+5,
2284.000,5.57229438E+5,
2285.000,5.56833375E+5,
2286.000,5.56437313E+5,
2287.000,5.56041063E+5,
2288.000,5.55644813E+5,
2289.000,5.55248375E+5,
2290.00,5.54851938E+5,
2291.000,5.54455250E+5,
2292.000,5.54058500E+5,
2293.000,5.53661625E+5,
2294.000,5.53264625E+5,
2295.000,5.52867375E+5,
2296.000,5.52470125E+5,
2297.000,5.52072563E+5,
2298.000,5.51674875E+5,
2299.000,5.51276938E+5,
2300.00,5.50878875E+5,
2301.000,5.50480625E+5,
2302.000,5.50082125E+5,
2303.000,5.49683438E+5,
2304.000,5.49284500E+5,
2305.000,5.48885375E+5,
2306.000,5.48486063E+5,
2307.000,5.48086500E+5,
2308.000,5.47686688E+5,
2309.000,5.47286750E+5,
2310.00,5.46886500E+5,
2311.000,5.46486000E+5,
2312.000,5.46085375E+5,
2313.000,5.45684438E+5,
2314.000,5.45283313E+5,
2315.000,5.44881938E+5,
2316.000,5.44480313E+5,
2317.000,5.44078500E+5,
2318.000,5.43676375E+5,
2319.000,5.43274063E+5,
2320.00,5.42871500E+5,
2321.000,5.42468688E+5,
2322.000,5.42065625E+5,
2323.000,5.41662375E+5,
2324.000,5.41258813E+5,
2325.000,5.40855000E+5,
2326.000,5.40450938E+5,
2327.000,5.40046563E+5,
2328.000,5.39642000E+5,
2329.000,5.39237125E+5,
2330.00,5.38832063E+5,
2331.000,5.38426688E+5,
2332.000,5.38021063E+5,
2333.000,5.37615125E+5,
2334.000,5.37208938E+5,
2335.000,5.36802500E+5,
2336.000,5.36395813E+5,
2337.000,5.35988750E+5,
2338.000,5.35581438E+5,
2339.000,5.35173875E+5,
2340.00,5.34766063E+5,
2341.000,5.34357938E+5,
2342.000,5.33949563E+5,
2343.000,5.33540813E+5,
2344.000,5.33131813E+5,
2345.000,5.32722500E+5,
2346.000,5.32312938E+5,
2347.000,5.31903063E+5,
2348.000,5.31492875E+5,
2349.000,5.31082375E+5,
2350.00,5.30671625E+5,
2351.000,5.30260500E+5,
2352.000,5.29849125E+5,
2353.000,5.29437438E+5,
2354.000,5.29025375E+5,
2355.000,5.28613063E+5,
2356.000,5.28200438E+5,
2357.000,5.27787438E+5,
2358.000,5.27374188E+5,
2359.000,5.26960625E+5,
2360.00,5.26546688E+5,
2361.000,5.26132438E+5,
2362.000,5.25717875E+5,
2363.000,5.25302938E+5,
2364.000,5.24887750E+5,
2365.000,5.24472188E+5,
2366.000,5.24056281E+5,
2367.000,5.23640063E+5,
2368.000,5.23223469E+5,
2369.000,5.22806531E+5,
2370.00,5.22389281E+5,
2371.000,5.21971719E+5,
2372.000,5.21553750E+5,
2373.000,5.21135438E+5,
2374.000,5.20716813E+5,
2375.000,5.20297844E+5,
2376.000,5.19878469E+5,
2377.000,5.19458750E+5,
2378.000,5.19038719E+5,
2379.000,5.18618281E+5,
2380.00,5.18197500E+5,
2381.000,5.17776313E+5,
2382.000,5.17354781E+5,
2383.000,5.16932906E+5,
2384.000,5.16510656E+5,
2385.000,5.16088031E+5,
2386.000,5.15665031E+5,
2387.000,5.15241656E+5,
2388.000,5.14817938E+5,
2389.000,5.14393750E+5,
2390.00,5.13969219E+5,
2391.000,5.13544344E+5,
2392.000,5.13119031E+5,
2393.000,5.12693375E+5,
2394.000,5.12267313E+5,
2395.000,5.11840844E+5,
2396.000,5.11413969E+5,
2397.000,5.10986750E+5,
2398.000,5.10559094E+5,
2399.000,5.10131063E+5,
2400.00,5.09702625E+5,
2401.000,5.09273750E+5,
2402.000,5.08844500E+5,
2403.000,5.08414844E+5,
2404.000,5.07984781E+5,
2405.000,5.07554375E+5,
2406.000,5.07123563E+5,
2407.000,5.06692375E+5,
2408.000,5.06260813E+5,
2409.000,5.05828875E+5,
2410.00,5.05396563E+5,
2411.000,5.04963938E+5,
2412.000,5.04530875E+5,
2413.000,5.04097500E+5,
2414.000,5.03663781E+5,
2415.000,5.03229656E+5,
2416.000,5.02795250E+5,
2417.000,5.02360469E+5,
2418.000,5.01925406E+5,
2419.000,5.01489969E+5,
2420.00,5.01054188E+5,
2421.000,5.00618125E+5,
2422.000,5.00181719E+5,
2423.000,4.99745000E+5,
2424.000,4.99308000E+5,
2425.000,4.98870656E+5,
2426.000,4.98433000E+5,
2427.000,4.97995094E+5,
2428.000,4.97556844E+5,
2429.000,4.97118313E+5,
2430.00,4.96679500E+5,
2431.000,4.96240406E+5,
2432.000,4.95801031E+5,
2433.000,4.95361406E+5,
2434.000,4.94921500E+5,
2435.000,4.94481313E+5,
2436.000,4.94040875E+5,
2437.000,4.93600219E+5,
2438.000,4.93159219E+5,
2439.000,4.92718031E+5,
2440.00,4.92276563E+5,
2441.000,4.91834875E+5,
2442.000,4.91392938E+5,
2443.000,4.90950781E+5,
2444.000,4.90508375E+5,
2445.000,4.90065750E+5,
2446.000,4.89622938E+5,
2447.000,4.89179844E+5,
2448.000,4.88736594E+5,
2449.000,4.88293063E+5,
2450.00,4.87849375E+5,
2451.000,4.87405469E+5,
2452.000,4.86961375E+5,
2453.000,4.86517125E+5,
2454.000,4.86072625E+5,
2455.000,4.85627969E+5,
2456.000,4.85183125E+5,
2457.000,4.84738094E+5,
2458.000,4.84292906E+5,
2459.000,4.83847500E+5,
2460.00,4.83402000E+5,
2461.000,4.82956313E+5,
2462.000,4.82510469E+5,
2463.000,4.82064438E+5,
2464.000,4.81618313E+5,
2465.000,4.81172031E+5,
2466.000,4.80725563E+5,
2467.000,4.80279000E+5,
2468.000,4.79832281E+5,
2469.000,4.79385438E+5,
2470.00,4.78938469E+5,
2471.000,4.78491406E+5,
2472.000,4.78044188E+5,
2473.000,4.77596875E+5,
2474.000,4.77149438E+5,
2475.000,4.76701906E+5,
2476.000,4.76254281E+5,
2477.000,4.75806531E+5,
2478.000,4.75358719E+5,
2479.000,4.74910813E+5,
2480.00,4.74462844E+5,
2481.000,4.74014750E+5,
2482.000,4.73566625E+5,
2483.000,4.73118375E+5,
2484.000,4.72670094E+5,
2485.000,4.72221750E+5,
2486.000,4.71773281E+5,
2487.000,4.71324813E+5,
2488.000,4.70876281E+5,
2489.000,4.70427719E+5,
2490.00,4.69979094E+5,
2491.000,4.69530438E+5,
2492.000,4.69081781E+5,
2493.000,4.68633000E+5,
2494.000,4.68184250E+5,
2495.000,4.67735469E+5,
2496.000,4.67286656E+5,
2497.000,4.66837844E+5,
2498.000,4.66389031E+5,
2499.000,4.65940188E+5,
2500.00,4.65491313E+5,
