Labels,T data_N11P_Feb2020_up to 3000,
300.00,1.68605802E-5,
301.00,2.02034043E-5,
302.00,2.35706011E-5,
303.00,2.69980974E-5,
304.00,3.05318245E-5,
305.00,3.42200183E-5,
306.00,3.81097816E-5,
307.00,4.22490521E-5,
308.00,4.66862512E-5,
309.00,5.14700696E-5,
310.00,5.66468261E-5,
311.00,6.22567823E-5,
312.00,6.83295148E-5,
313.00,7.48960665E-5,
314.00,8.19847555E-5,
315.00,8.96309211E-5,
316.00,9.78763419E-5,
317.00,1.06763400E-4,
318.00,1.16332070E-4,
319.00,1.26622370E-4,
320.00,1.37668118E-4,
321.00,1.49502855E-4,
322.00,1.62162920E-4,
323.00,1.75683366E-4,
324.00,1.90087594E-4,
325.00,2.05388671E-4,
326.00,2.21603725E-4,
327.00,2.38759734E-4,
328.00,2.56885891E-4,
329.00,2.76002509E-4,
330.00,2.96130369E-4,
331.00,3.17310041E-4,
332.00,3.39600520E-4,
333.00,3.63052153E-4,
334.00,3.87710985E-4,
335.00,4.13598347E-4,
336.00,4.40720178E-4,
337.00,4.69103135E-4,
338.00,4.98819456E-4,
339.00,5.29969751E-4,
340.00,5.62634319E-4,
341.00,5.96868456E-4,
342.00,6.32675132E-4,
343.00,6.70040201E-4,
344.00,7.08933920E-4,
345.00,7.49326253E-4,
346.00,7.91234663E-4,
347.00,8.34705599E-4,
348.00,8.79802683E-4,
349.00,9.26597975E-4,
350.00,9.75187344E-4,
351.00,1.02566578E-3,
352.00,1.07807829E-3,
353.00,1.13243470E-3,
354.00,1.18873385E-3,
355.00,1.24696817E-3,
356.00,1.30712485E-3,
357.00,1.36918714E-3,
358.00,1.43314537E-3,
359.00,1.49900292E-3,
360.00,1.56680227E-3,
361.00,1.63661817E-3,
362.00,1.70850288E-3,
363.00,1.78246689E-3,
364.00,1.85852125E-3,
365.00,1.93671626E-3,
366.00,2.01710337E-3,
367.00,2.09974707E-3,
368.00,2.18468648E-3,
369.00,2.27190577E-3,
370.00,2.36139633E-3,
371.00,2.45316792E-3,
372.00,2.54723709E-3,
373.00,2.64356588E-3,
374.00,2.74212076E-3,
375.00,2.84290453E-3,
376.00,2.94593559E-3,
377.00,3.05121369E-3,
378.00,3.15877097E-3,
379.00,3.26866191E-3,
380.00,3.38089210E-3,
381.00,3.49543011E-3,
382.00,3.61228106E-3,
383.00,3.73151293E-3,
384.00,3.85324983E-3,
385.00,3.97761771E-3,
386.00,4.10467433E-3,
387.00,4.23448300E-3,
388.00,4.36710892E-3,
389.00,4.50253207E-3,
390.00,4.64073801E-3,
391.00,4.78179567E-3,
392.00,4.92578698E-3,
393.00,5.07283770E-3,
394.00,5.22305537E-3,
395.00,5.37655316E-3,
396.00,5.53333666E-3,
397.00,5.69344964E-3,
398.00,5.85698523E-3,
399.00,6.02405565E-3,
400.00,6.19486393E-3,
401.00,6.36964059E-3,
402.00,6.54858118E-3,
403.00,6.73195021E-3,
404.00,6.92003174E-3,
405.00,7.11300736E-3,
406.00,7.31087383E-3,
407.00,7.51356082E-3,
408.00,7.72097148E-3,
409.00,7.93295540E-3,
410.00,8.14942829E-3,
411.00,8.37032963E-3,
412.00,8.59550294E-3,
413.00,8.82468373E-3,
414.00,9.05771833E-3,
415.00,9.29469150E-3,
416.00,9.53578111E-3,
417.00,9.78106353E-3,
418.00,1.00306170E-2,
419.00,1.02845440E-2,
420.00,1.05428835E-2,
421.00,1.08056618E-2,
422.00,1.10729337E-2,
423.00,1.13448193E-2,
424.00,1.16214473E-2,
425.00,1.19029954E-2,
426.00,1.21896658E-2,
427.00,1.24814045E-2,
428.00,1.27779106E-2,
429.00,1.30790295E-2,
430.00,1.33848004E-2,
431.00,1.36952680E-2,
432.00,1.40104424E-2,
433.00,1.43303536E-2,
434.00,1.46552911E-2,
435.00,1.49853500E-2,
436.00,1.53204007E-2,
437.00,1.56602245E-2,
438.00,1.60046257E-2,
439.00,1.63534842E-2,
440.00,1.67065747E-2,
441.00,1.70636401E-2,
442.00,1.74245704E-2,
443.00,1.77892502E-2,
444.00,1.81574132E-2,
445.00,1.85287558E-2,
446.00,1.89030394E-2,
447.00,1.92801859E-2,
448.00,1.96601786E-2,
449.00,2.00430341E-2,
450.00,2.04290152E-2,
451.00,2.08184831E-2,
452.00,2.12118700E-2,
453.00,2.16096193E-2,
454.00,2.20121872E-2,
455.00,2.24201586E-2,
456.00,2.28341203E-2,
457.00,2.32544765E-2,
458.00,2.36816015E-2,
459.00,2.41156891E-2,
460.00,2.45569572E-2,
461.00,2.50055417E-2,
462.00,2.54617706E-2,
463.00,2.59260107E-2,
464.00,2.63984408E-2,
465.00,2.68787183E-2,
466.00,2.73663010E-2,
467.00,2.78610103E-2,
468.00,2.83629689E-2,
469.00,2.88719479E-2,
470.00,2.93878652E-2,
471.00,2.99106427E-2,
472.00,3.04400958E-2,
473.00,3.09759360E-2,
474.00,3.15180570E-2,
475.00,3.20661739E-2,
476.00,3.26201208E-2,
477.00,3.31801437E-2,
478.00,3.37467082E-2,
479.00,3.43199223E-2,
480.00,3.48996334E-2,
481.00,3.54855694E-2,
482.00,3.60775255E-2,
483.00,3.66752595E-2,
484.00,3.72786224E-2,
485.00,3.78876105E-2,
486.00,3.85023803E-2,
487.00,3.91232185E-2,
488.00,3.97502109E-2,
489.00,4.03830595E-2,
490.00,4.10213545E-2,
491.00,4.16653529E-2,
492.00,4.23155501E-2,
493.00,4.29721624E-2,
494.00,4.36353236E-2,
495.00,4.43053357E-2,
496.00,4.49825563E-2,
497.00,4.56671342E-2,
498.00,4.63593602E-2,
499.00,4.70592901E-2,
500.00,4.77671027E-2,
501.00,4.84826937E-2,
502.00,4.92060967E-2,
503.00,4.99373488E-2,
504.00,5.06763086E-2,
505.00,5.14224172E-2,
506.00,5.21750189E-2,
507.00,5.29338978E-2,
508.00,5.36993779E-2,
509.00,5.44719808E-2,
510.00,5.52520193E-2,
511.00,5.60397319E-2,
512.00,5.68346195E-2,
513.00,5.76361082E-2,
514.00,5.84438480E-2,
515.00,5.92576116E-2,
516.00,6.00773394E-2,
517.00,6.09028228E-2,
518.00,6.17339052E-2,
519.00,6.25704303E-2,
520.00,6.34121224E-2,
521.00,6.42586648E-2,
522.00,6.51100650E-2,
523.00,6.59669042E-2,
524.00,6.68305457E-2,
525.00,6.77029267E-2,
526.00,6.85858354E-2,
527.00,6.94806501E-2,
528.00,7.03879073E-2,
529.00,7.13070631E-2,
530.00,7.22374693E-2,
531.00,7.31783584E-2,
532.00,7.41287470E-2,
533.00,7.50874579E-2,
534.00,7.60535598E-2,
535.00,7.70263597E-2,
536.00,7.80053660E-2,
537.00,7.89900795E-2,
538.00,7.99802244E-2,
539.00,8.09750780E-2,
540.00,8.19741115E-2,
541.00,8.29770118E-2,
542.00,8.39836895E-2,
543.00,8.49946812E-2,
544.00,8.60098004E-2,
545.00,8.70284960E-2,
546.00,8.80494490E-2,
547.00,8.90710875E-2,
548.00,9.00930911E-2,
549.00,9.11159366E-2,
550.00,9.21404362E-2,
551.00,9.31675360E-2,
552.00,9.41981673E-2,
553.00,9.52327102E-2,
554.00,9.62718502E-2,
555.00,9.73160639E-2,
556.00,9.83664244E-2,
557.00,9.94245186E-2,
558.00,1.00491233E-1,
559.00,1.01567566E-1,
560.00,1.02654174E-1,
561.00,1.03750877E-1,
562.00,1.04857378E-1,
563.00,1.05973035E-1,
564.00,1.07096784E-1,
565.00,1.08227499E-1,
566.00,1.09365679E-1,
567.00,1.10512994E-1,
568.00,1.11669943E-1,
569.00,1.12836212E-1,
570.00,1.14011057E-1,
571.00,1.15194157E-1,
572.00,1.16385587E-1,
573.00,1.17584944E-1,
574.00,1.18790671E-1,
575.00,1.20000966E-1,
576.00,1.21214427E-1,
577.00,1.22430250E-1,
578.00,1.23649634E-1,
579.00,1.24873839E-1,
580.00,1.26102746E-1,
581.00,1.27334908E-1,
582.00,1.28569081E-1,
583.00,1.29804581E-1,
584.00,1.31041110E-1,
585.00,1.32278353E-1,
586.00,1.33517742E-1,
587.00,1.34762317E-1,
588.00,1.36014357E-1,
589.00,1.37274832E-1,
590.00,1.38544053E-1,
591.00,1.39821947E-1,
592.00,1.41108930E-1,
593.00,1.42406851E-1,
594.00,1.43715695E-1,
595.00,1.45034045E-1,
596.00,1.46360174E-1,
597.00,1.47692218E-1,
598.00,1.49028078E-1,
599.00,1.50366738E-1,
600.00,1.51708409E-1,
601.00,1.53047994E-1,
602.00,1.54392481E-1,
603.00,1.55741885E-1,
604.00,1.57096118E-1,
605.00,1.58455133E-1,
606.00,1.59818828E-1,
607.00,1.61187172E-1,
608.00,1.62560090E-1,
609.00,1.63937524E-1,
610.00,1.65319413E-1,
611.00,1.66705623E-1,
612.00,1.68096200E-1,
613.00,1.69491008E-1,
614.00,1.70889989E-1,
615.00,1.72293067E-1,
616.00,1.73700184E-1,
617.00,1.75111264E-1,
618.00,1.76526293E-1,
619.00,1.77945107E-1,
620.00,1.79367736E-1,
621.00,1.80794075E-1,
622.00,1.82224035E-1,
623.00,1.83657646E-1,
624.00,1.85094759E-1,
625.00,1.86535388E-1,
626.00,1.87979415E-1,
627.00,1.89426810E-1,
628.00,1.90877542E-1,
629.00,1.92331523E-1,
630.00,1.93788737E-1,
631.00,1.95249125E-1,
632.00,1.96712658E-1,
633.00,1.98179290E-1,
634.00,1.99649021E-1,
635.00,2.01121837E-1,
636.00,2.02597708E-1,
637.00,2.04076663E-1,
638.00,2.05558687E-1,
639.00,2.07043782E-1,
640.00,2.08532006E-1,
641.00,2.10023344E-1,
642.00,2.11517870E-1,
643.00,2.13015616E-1,
644.00,2.14516610E-1,
645.00,2.16020986E-1,
646.00,2.17528775E-1,
647.00,2.19040051E-1,
648.00,2.20554933E-1,
649.00,2.22073480E-1,
650.00,2.23595843E-1,
651.00,2.25122049E-1,
652.00,2.26652235E-1,
653.00,2.28186578E-1,
654.00,2.29725122E-1,
655.00,2.31268018E-1,
656.00,2.32815370E-1,
657.00,2.34367311E-1,
658.00,2.35924050E-1,
659.00,2.37485647E-1,
660.00,2.39052281E-1,
661.00,2.40624115E-1,
662.00,2.42201328E-1,
663.00,2.43784040E-1,
664.00,2.45372444E-1,
665.00,2.46966660E-1,
666.00,2.48566896E-1,
667.00,2.50173301E-1,
668.00,2.51786053E-1,
669.00,2.53405273E-1,
670.00,2.55031168E-1,
671.00,2.56663948E-1,
672.00,2.58303702E-1,
673.00,2.59950697E-1,
674.00,2.61604995E-1,
675.00,2.63266921E-1,
676.00,2.64936179E-1,
677.00,2.66613334E-1,
678.00,2.68298358E-1,
679.00,2.69991279E-1,
680.00,2.71692336E-1,
681.00,2.73401767E-1,
682.00,2.75119364E-1,
683.00,2.76845098E-1,
684.00,2.78579503E-1,
685.00,2.80322284E-1,
686.00,2.82073230E-1,
687.00,2.83833086E-1,
688.00,2.85601109E-1,
689.00,2.87377506E-1,
690.00,2.89162606E-1,
691.00,2.90955842E-1,
692.00,2.92757183E-1,
693.00,2.94566959E-1,
694.00,2.96384841E-1,
695.00,2.98210621E-1,
696.00,3.00044298E-1,
697.00,3.01885813E-1,
698.00,3.03734958E-1,
699.00,3.05591732E-1,
700.00,3.07455838E-1,
701.00,3.09327066E-1,
702.00,3.11205089E-1,
703.00,3.13090205E-1,
704.00,3.14981908E-1,
705.00,3.16879869E-1,
706.00,3.18784177E-1,
707.00,3.20694238E-1,
708.00,3.22610080E-1,
709.00,3.24531466E-1,
710.00,3.26457798E-1,
711.00,3.28389138E-1,
712.00,3.30324948E-1,
713.00,3.32264930E-1,
714.00,3.34208906E-1,
715.00,3.36156279E-1,
716.00,3.38107020E-1,
717.00,3.40060949E-1,
718.00,3.42017233E-1,
719.00,3.43975604E-1,
720.00,3.45936090E-1,
721.00,3.47897887E-1,
722.00,3.49861026E-1,
723.00,3.51824939E-1,
724.00,3.53789359E-1,
725.00,3.55753779E-1,
726.00,3.57717663E-1,
727.00,3.59681040E-1,
728.00,3.61643106E-1,
729.00,3.63603860E-1,
730.00,3.65562499E-1,
731.00,3.67518783E-1,
732.00,3.69472712E-1,
733.00,3.71423244E-1,
734.00,3.73370558E-1,
735.00,3.75314265E-1,
736.00,3.77253741E-1,
737.00,3.79189044E-1,
738.00,3.81119579E-1,
739.00,3.83045137E-1,
740.00,3.84965688E-1,
741.00,3.86881053E-1,
742.00,3.88790816E-1,
743.00,3.90694588E-1,
744.00,3.92592579E-1,
745.00,3.94484282E-1,
746.00,3.96369666E-1,
747.00,3.98248762E-1,
748.00,4.00121033E-1,
749.00,4.01986718E-1,
750.00,4.03845578E-1,
751.00,4.05697614E-1,
752.00,4.07542795E-1,
753.00,4.09381449E-1,
754.00,4.11213011E-1,
755.00,4.13037747E-1,
756.00,4.14855897E-1,
757.00,4.16667521E-1,
758.00,4.18472528E-1,
759.00,4.20271277E-1,
760.00,4.22063977E-1,
761.00,4.23850358E-1,
762.00,4.25630689E-1,
763.00,4.27405298E-1,
764.00,4.29174066E-1,
765.00,4.30937350E-1,
766.00,4.32695121E-1,
767.00,4.34447378E-1,
768.00,4.36194122E-1,
769.00,4.37936127E-1,
770.00,4.39672649E-1,
771.00,4.41404670E-1,
772.00,4.43131447E-1,
773.00,4.44853753E-1,
774.00,4.46571618E-1,
775.00,4.48284745E-1,
776.00,4.49993700E-1,
777.00,4.51698124E-1,
778.00,4.53398407E-1,
779.00,4.55094486E-1,
780.00,4.56786305E-1,
781.00,4.58474219E-1,
782.00,4.60158199E-1,
783.00,4.61838543E-1,
784.00,4.63514894E-1,
785.00,4.65187311E-1,
786.00,4.66856092E-1,
787.00,4.68521148E-1,
788.00,4.70182538E-1,
789.00,4.71840262E-1,
790.00,4.73494321E-1,
791.00,4.75144684E-1,
792.00,4.76791114E-1,
793.00,4.78434116E-1,
794.00,4.80073184E-1,
795.00,4.81708616E-1,
796.00,4.83340055E-1,
797.00,4.84967858E-1,
798.00,4.86591727E-1,
799.00,4.88211632E-1,
800.00,4.89827603E-1,
801.00,4.91439879E-1,
802.00,4.93048489E-1,
803.00,4.94653165E-1,
804.00,4.96254176E-1,
805.00,4.97851759E-1,
806.00,4.99445677E-1,
807.00,5.01036704E-1,
808.00,5.02624333E-1,
809.00,5.04209280E-1,
810.00,5.05791366E-1,
811.00,5.07370889E-1,
812.00,5.08947968E-1,
813.00,5.10523260E-1,
814.00,5.12096167E-1,
815.00,5.13667464E-1,
816.00,5.15237510E-1,
817.00,5.16805947E-1,
818.00,5.18373609E-1,
819.00,5.19940197E-1,
820.00,5.21506310E-1,
821.00,5.23072064E-1,
822.00,5.24637640E-1,
823.00,5.26203454E-1,
824.00,5.27769268E-1,
825.00,5.29335916E-1,
826.00,5.30902982E-1,
827.00,5.32471180E-1,
828.00,5.34040689E-1,
829.00,5.35611212E-1,
830.00,5.37183583E-1,
831.00,5.38757563E-1,
832.00,5.40333390E-1,
833.00,5.41911244E-1,
834.00,5.43491542E-1,
835.00,5.45074165E-1,
836.00,5.46659410E-1,
837.00,5.48247516E-1,
838.00,5.49838543E-1,
839.00,5.51432669E-1,
840.00,5.53029776E-1,
841.00,5.54630280E-1,
842.00,5.56234419E-1,
843.00,5.57841718E-1,
844.00,5.59452713E-1,
845.00,5.61067104E-1,
846.00,5.62684894E-1,
847.00,5.64306140E-1,
848.00,5.65930784E-1,
849.00,5.67558587E-1,
850.00,5.69189250E-1,
851.00,5.70822775E-1,
852.00,5.72458684E-1,
853.00,5.74097037E-1,
854.00,5.75737357E-1,
855.00,5.77379107E-1,
856.00,5.79022408E-1,
857.00,5.80666721E-1,
858.00,5.82311571E-1,
859.00,5.83957195E-1,
860.00,5.85603356E-1,
861.00,5.87249339E-1,
862.00,5.88894904E-1,
863.00,5.90540349E-1,
864.00,5.92184901E-1,
865.00,5.93828440E-1,
866.00,5.95470965E-1,
867.00,5.97111821E-1,
868.00,5.98751187E-1,
869.00,6.00388706E-1,
870.00,6.02024078E-1,
871.00,6.03657424E-1,
872.00,6.05288088E-1,
873.00,6.06916130E-1,
874.00,6.08541489E-1,
875.00,6.10164046E-1,
876.00,6.11783683E-1,
877.00,6.13399923E-1,
878.00,6.15012765E-1,
879.00,6.16622150E-1,
880.00,6.18228197E-1,
881.00,6.19830251E-1,
882.00,6.21428609E-1,
883.00,6.23023033E-1,
884.00,6.24613583E-1,
885.00,6.26200080E-1,
886.00,6.27782226E-1,
887.00,6.29360378E-1,
888.00,6.30934060E-1,
889.00,6.32503510E-1,
890.00,6.34068847E-1,
891.00,6.35629654E-1,
892.00,6.37186050E-1,
893.00,6.38737977E-1,
894.00,6.40285671E-1,
895.00,6.41828597E-1,
896.00,6.43367648E-1,
897.00,6.44901931E-1,
898.00,6.46432281E-1,
899.00,6.47958159E-1,
900.00,6.49480164E-1,
901.00,6.50997937E-1,
902.00,6.52511775E-1,
903.00,6.54021919E-1,
904.00,6.55528128E-1,
905.00,6.57030642E-1,
906.00,6.58529520E-1,
907.00,6.60024941E-1,
908.00,6.61517203E-1,
909.00,6.63006067E-1,
910.00,6.64491832E-1,
911.00,6.65974915E-1,
912.00,6.67454898E-1,
913.00,6.68932498E-1,
914.00,6.70407176E-1,
915.00,6.71879530E-1,
916.00,6.73349738E-1,
917.00,6.74817622E-1,
918.00,6.76283360E-1,
919.00,6.77747309E-1,
920.00,6.79209411E-1,
921.00,6.80669665E-1,
922.00,6.82128072E-1,
923.00,6.83585167E-1,
924.00,6.85040712E-1,
925.00,6.86494648E-1,
926.00,6.87947273E-1,
927.00,6.89398587E-1,
928.00,6.90848887E-1,
929.00,6.92297876E-1,
930.00,6.93745792E-1,
931.00,6.95192397E-1,
932.00,6.96638167E-1,
933.00,6.98082685E-1,
934.00,6.99526370E-1,
935.00,7.00969100E-1,
936.00,7.02410638E-1,
937.00,7.03851283E-1,
938.00,7.05290973E-1,
939.00,7.06729770E-1,
940.00,7.08167136E-1,
941.00,7.09603786E-1,
942.00,7.11039066E-1,
943.00,7.12473333E-1,
944.00,7.13906288E-1,
945.00,7.15338171E-1,
946.00,7.16768503E-1,
947.00,7.18197823E-1,
948.00,7.19625473E-1,
949.00,7.21051872E-1,
950.00,7.22476661E-1,
951.00,7.23899841E-1,
952.00,7.25321293E-1,
953.00,7.26741374E-1,
954.00,7.28159606E-1,
955.00,7.29576051E-1,
956.00,7.30990529E-1,
957.00,7.32402980E-1,
958.00,7.33813643E-1,
959.00,7.35222459E-1,
960.00,7.36628830E-1,
961.00,7.38033175E-1,
962.00,7.39435375E-1,
963.00,7.40835011E-1,
964.00,7.42232203E-1,
965.00,7.43626893E-1,
966.00,7.45019138E-1,
967.00,7.46408224E-1,
968.00,7.47794628E-1,
969.00,7.49178290E-1,
970.00,7.50558436E-1,
971.00,7.51935661E-1,
972.00,7.53309548E-1,
973.00,7.54680276E-1,
974.00,7.56047070E-1,
975.00,7.57410347E-1,
976.00,7.58770108E-1,
977.00,7.60125875E-1,
978.00,7.61477351E-1,
979.00,7.62824953E-1,
980.00,7.64168382E-1,
981.00,7.65507340E-1,
982.00,7.66841769E-1,
983.00,7.68171549E-1,
984.00,7.69496799E-1,
985.00,7.70817101E-1,
986.00,7.72132695E-1,
987.00,7.73442984E-1,
988.00,7.74748385E-1,
989.00,7.76048422E-1,
990.00,7.77342975E-1,
991.00,7.78632283E-1,
992.00,7.79916346E-1,
993.00,7.81194627E-1,
994.00,7.82467663E-1,
995.00,7.83734679E-1,
996.00,7.84996390E-1,
997.00,7.86252379E-1,
998.00,7.87502527E-1,
999.00,7.88746893E-1,
1000.00,7.89985836E-1,
1001.000,7.91218936E-1,
1002.000,7.92446554E-1,
1003.000,7.93668330E-1,
1004.000,7.94884682E-1,
1005.000,7.96095490E-1,
1006.000,7.97300756E-1,
1007.000,7.98500478E-1,
1008.000,7.99695015E-1,
1009.000,8.00884545E-1,
1010.00,8.02068889E-1,
1011.000,8.03247869E-1,
1012.000,8.04422140E-1,
1013.000,8.05591702E-1,
1014.000,8.06756556E-1,
1015.000,8.07916939E-1,
1016.000,8.09072614E-1,
1017.000,8.10224354E-1,
1018.000,8.11371565E-1,
1019.000,8.12514901E-1,
1020.00,8.13654006E-1,
1021.000,8.14789474E-1,
1022.000,8.15921128E-1,
1023.000,8.17049503E-1,
1024.000,8.18174183E-1,
1025.000,8.19295704E-1,
1026.000,8.20413768E-1,
1027.000,8.21528792E-1,
1028.000,8.22640598E-1,
1029.000,8.23749483E-1,
1030.00,8.24855745E-1,
1031.000,8.25958908E-1,
1032.000,8.27059388E-1,
1033.000,8.28157008E-1,
1034.000,8.29252064E-1,
1035.000,8.30344379E-1,
1036.000,8.31434131E-1,
1037.000,8.32521260E-1,
1038.000,8.33605468E-1,
1039.000,8.34687352E-1,
1040.00,8.35766315E-1,
1041.000,8.36842418E-1,
1042.000,8.37915838E-1,
1043.000,8.38986158E-1,
1044.000,8.40053618E-1,
1045.000,8.41117918E-1,
1046.000,8.42179000E-1,
1047.000,8.43236744E-1,
1048.000,8.44290733E-1,
1049.000,8.45341623E-1,
1050.00,8.46388578E-1,
1051.000,8.47431540E-1,
1052.000,8.48470628E-1,
1053.000,8.49505484E-1,
1054.000,8.50536406E-1,
1055.000,8.51562619E-1,
1056.000,8.52584124E-1,
1057.000,8.53601098E-1,
1058.000,8.54613125E-1,
1059.000,8.55620086E-1,
1060.00,8.56621921E-1,
1061.000,8.57618451E-1,
1062.000,8.58609438E-1,
1063.000,8.59594941E-1,
1064.000,8.60574663E-1,
1065.000,8.61548305E-1,
1066.000,8.62515926E-1,
1067.000,8.63477528E-1,
1068.000,8.64432871E-1,
1069.000,8.65381837E-1,
1070.00,8.66324008E-1,
1071.000,8.67259920E-1,
1072.000,8.68188918E-1,
1073.000,8.69111121E-1,
1074.000,8.70026767E-1,
1075.000,8.70935321E-1,
1076.000,8.71836782E-1,
1077.000,8.72731447E-1,
1078.000,8.73618960E-1,
1079.000,8.74499738E-1,
1080.00,8.75373363E-1,
1081.000,8.76240194E-1,
1082.000,8.77099872E-1,
1083.000,8.77952456E-1,
1084.000,8.78798246E-1,
1085.000,8.79637241E-1,
1086.000,8.80469680E-1,
1087.000,8.81295025E-1,
1088.000,8.82113755E-1,
1089.000,8.82925928E-1,
1090.00,8.83731782E-1,
1091.000,8.84531140E-1,
1092.000,8.85324121E-1,
1093.000,8.86111081E-1,
1094.000,8.86892080E-1,
1095.000,8.87666941E-1,
1096.000,8.88436079E-1,
1097.000,8.89199674E-1,
1098.000,8.89958084E-1,
1099.000,8.90710890E-1,
1100.00,8.91458452E-1,
1101.000,8.92201364E-1,
1102.000,8.92939210E-1,
1103.000,8.93672407E-1,
1104.000,8.94400775E-1,
1105.000,8.95125031E-1,
1106.000,8.95844758E-1,
1107.000,8.96560609E-1,
1108.000,8.97272170E-1,
1109.000,8.97979856E-1,
1110.00,8.98684084E-1,
1111.000,8.99384439E-1,
1112.000,9.00081575E-1,
1113.000,9.00775433E-1,
1114.000,9.01466012E-1,
1115.000,9.02153432E-1,
1116.000,9.02837992E-1,
1117.000,9.03519928E-1,
1118.000,9.04199004E-1,
1119.000,9.04875159E-1,
1120.00,9.05548990E-1,
1121.000,9.06220436E-1,
1122.000,9.06889260E-1,
1123.000,9.07555699E-1,
1124.000,9.08219814E-1,
1125.000,9.08881485E-1,
1126.000,9.09541130E-1,
1127.000,9.10198629E-1,
1128.000,9.10853803E-1,
1129.000,9.11507130E-1,
1130.00,9.12158132E-1,
1131.000,9.12807465E-1,
1132.000,9.13454711E-1,
1133.000,9.14099932E-1,
1134.000,9.14743543E-1,
1135.000,9.15385067E-1,
1136.000,9.16024685E-1,
1137.000,9.16662753E-1,
1138.000,9.17299032E-1,
1139.000,9.17933464E-1,
1140.00,9.18565989E-1,
1141.000,9.19196725E-1,
1142.000,9.19825912E-1,
1143.000,9.20453250E-1,
1144.000,9.21079040E-1,
1145.000,9.21702921E-1,
1146.000,9.22325015E-1,
1147.000,9.22945499E-1,
1148.000,9.23564374E-1,
1149.000,9.24181223E-1,
1150.00,9.24796522E-1,
1151.000,9.25410151E-1,
1152.000,9.26021934E-1,
1153.000,9.26631689E-1,
1154.000,9.27240133E-1,
1155.000,9.27846432E-1,
1156.000,9.28450942E-1,
1157.000,9.29053545E-1,
1158.000,9.29654360E-1,
1159.000,9.30253327E-1,
1160.00,9.30850148E-1,
1161.000,9.31444943E-1,
1162.000,9.32037652E-1,
1163.000,9.32628155E-1,
1164.000,9.33216631E-1,
1165.000,9.33802724E-1,
1166.000,9.34386730E-1,
1167.000,9.34968352E-1,
1168.000,9.35547650E-1,
1169.000,9.36124504E-1,
1170.00,9.36699092E-1,
1171.000,9.37270999E-1,
1172.000,9.37840283E-1,
1173.000,9.38407242E-1,
1174.000,9.38971817E-1,
1175.000,9.39533472E-1,
1176.000,9.40092802E-1,
1177.000,9.40649211E-1,
1178.000,9.41203296E-1,
1179.000,9.41754699E-1,
1180.00,9.42303479E-1,
1181.000,9.42849994E-1,
1182.000,9.43393528E-1,
1183.000,9.43934977E-1,
1184.000,9.44473803E-1,
1185.000,9.45010304E-1,
1186.000,9.45544362E-1,
1187.000,9.46076393E-1,
1188.000,9.46606278E-1,
1189.000,9.47133839E-1,
1190.00,9.47659791E-1,
1191.000,9.48183656E-1,
1192.000,9.48705673E-1,
1193.000,9.49226141E-1,
1194.000,9.49744999E-1,
1195.000,9.50262547E-1,
1196.000,9.50778604E-1,
1197.000,9.51293468E-1,
1198.000,9.51807141E-1,
1199.000,9.52319682E-1,
1200.00,9.52831507E-1,
1201.000,9.53342438E-1,
1202.000,9.53852952E-1,
1203.000,9.54362631E-1,
1204.000,9.54872012E-1,
1205.000,9.55380917E-1,
1206.000,9.55889881E-1,
1207.000,9.56398785E-1,
1208.000,9.56907392E-1,
1209.000,9.57416236E-1,
1210.00,9.57925439E-1,
1211.000,9.58434880E-1,
1212.000,9.58944559E-1,
1213.000,9.59454715E-1,
1214.000,9.59965467E-1,
1215.000,9.60476518E-1,
1216.000,9.60988224E-1,
1217.000,9.61500585E-1,
1218.000,9.62013721E-1,
1219.000,9.62527096E-1,
1220.00,9.63040888E-1,
1221.000,9.63555634E-1,
1222.000,9.64070559E-1,
1223.000,9.64585721E-1,
1224.000,9.65100944E-1,
1225.000,9.65616703E-1,
1226.000,9.66132104E-1,
1227.000,9.66647565E-1,
1228.000,9.67162549E-1,
1229.000,9.67677176E-1,
1230.00,9.68191087E-1,
1231.000,9.68704224E-1,
1232.000,9.69215930E-1,
1233.000,9.69726682E-1,
1234.000,9.70235884E-1,
1235.000,9.70743477E-1,
1236.000,9.71249163E-1,
1237.000,9.71752584E-1,
1238.000,9.72253859E-1,
1239.000,9.72752512E-1,
1240.00,9.73248303E-1,
1241.000,9.73741174E-1,
1242.000,9.74230886E-1,
1243.000,9.74717200E-1,
1244.000,9.75199819E-1,
1245.000,9.75679040E-1,
1246.000,9.76154089E-1,
1247.000,9.76625204E-1,
1248.000,9.77091789E-1,
1249.000,9.77554202E-1,
1250.00,9.78012145E-1,
1251.000,9.78465438E-1,
1252.000,9.78913844E-1,
1253.000,9.79357660E-1,
1254.000,9.79796231E-1,
1255.000,9.80229735E-1,
1256.000,9.80658233E-1,
1257.000,9.81081247E-1,
1258.000,9.81499314E-1,
1259.000,9.81911898E-1,
1260.00,9.82318878E-1,
1261.000,9.82720375E-1,
1262.000,9.83116329E-1,
1263.000,9.83507097E-1,
1264.000,9.83892024E-1,
1265.000,9.84271467E-1,
1266.000,9.84645188E-1,
1267.000,9.85013545E-1,
1268.000,9.85376179E-1,
1269.000,9.85733032E-1,
1270.00,9.86084640E-1,
1271.000,9.86430705E-1,
1272.000,9.86771286E-1,
1273.000,9.87106442E-1,
1274.000,9.87436235E-1,
1275.000,9.87760484E-1,
1276.000,9.88079846E-1,
1277.000,9.88393843E-1,
1278.000,9.88702655E-1,
1279.000,9.89006758E-1,
1280.00,9.89305794E-1,
1281.000,9.89599943E-1,
1282.000,9.89889562E-1,
1283.000,9.90174472E-1,
1284.000,9.90455210E-1,
1285.000,9.90731418E-1,
1286.000,9.91003215E-1,
1287.000,9.91271019E-1,
1288.000,9.91534710E-1,
1289.000,9.91794646E-1,
1290.00,9.92050409E-1,
1291.000,9.92302537E-1,
1292.000,9.92550611E-1,
1293.000,9.92795110E-1,
1294.000,9.93035913E-1,
1295.000,9.93273318E-1,
1296.000,9.93506730E-1,
1297.000,9.93736744E-1,
1298.000,9.93963122E-1,
1299.000,9.94185805E-1,
1300.00,9.94404793E-1,
1301.000,9.94620144E-1,
1302.000,9.94831741E-1,
1303.000,9.95039761E-1,
1304.000,9.95244026E-1,
1305.000,9.95444655E-1,
1306.000,9.95641053E-1,
1307.000,9.95834053E-1,
1308.000,9.96022880E-1,
1309.000,9.96207714E-1,
1310.00,9.96388316E-1,
1311.000,9.96565104E-1,
1312.000,9.96737361E-1,
1313.000,9.96905684E-1,
1314.000,9.97069538E-1,
1315.000,9.97228980E-1,
1316.000,9.97383833E-1,
1317.000,9.97534275E-1,
1318.000,9.97680306E-1,
1319.000,9.97821867E-1,
1320.00,9.97958899E-1,
1321.000,9.98091221E-1,
1322.000,9.98218834E-1,
1323.000,9.98342335E-1,
1324.000,9.98460710E-1,
1325.000,9.98574674E-1,
1326.000,9.98684227E-1,
1327.000,9.98789191E-1,
1328.000,9.98889565E-1,
1329.000,9.98985410E-1,
1330.00,9.99077022E-1,
1331.000,9.99163926E-1,
1332.000,9.99246418E-1,
1333.000,9.99324381E-1,
1334.000,9.99398172E-1,
1335.000,9.99467492E-1,
1336.000,9.99532640E-1,
1337.000,9.99593258E-1,
1338.000,9.99649465E-1,
1339.000,9.99701679E-1,
1340.00,9.99749541E-1,
1341.000,9.99793112E-1,
1342.000,9.99832451E-1,
1343.000,9.99867439E-1,
1344.000,9.99898434E-1,
1345.000,9.99925196E-1,
1346.000,9.99948025E-1,
1347.000,9.99966443E-1,
1348.000,9.99980807E-1,
1349.000,9.99991357E-1,
1350.00,9.99997675E-1,
1351.000,1.00000000E+0,
1352.000,9.99998152E-1,
1353.000,9.99992669E-1,
1354.000,9.99982953E-1,
1355.000,9.99969304E-1,
1356.000,9.99951720E-1,
1357.000,9.99930143E-1,
1358.000,9.99904931E-1,
1359.000,9.99875844E-1,
1360.00,9.99842703E-1,
1361.000,9.99805987E-1,
1362.000,9.99765217E-1,
1363.000,9.99720871E-1,
1364.000,9.99672830E-1,
1365.000,9.99620795E-1,
1366.000,9.99565125E-1,
1367.000,9.99505818E-1,
1368.000,9.99443054E-1,
1369.000,9.99376357E-1,
1370.00,9.99306262E-1,
1371.000,9.99232233E-1,
1372.000,9.99154985E-1,
1373.000,9.99073863E-1,
1374.000,9.98989284E-1,
1375.000,9.98901367E-1,
1376.000,9.98809695E-1,
1377.000,9.98714864E-1,
1378.000,9.98616457E-1,
1379.000,9.98514533E-1,
1380.00,9.98409271E-1,
1381.000,9.98300552E-1,
1382.000,9.98188436E-1,
1383.000,9.98072922E-1,
1384.000,9.97954190E-1,
1385.000,9.97832060E-1,
1386.000,9.97706831E-1,
1387.000,9.97578204E-1,
1388.000,9.97446299E-1,
1389.000,9.97311354E-1,
1390.00,9.97172952E-1,
1391.000,9.97031689E-1,
1392.000,9.96887028E-1,
1393.000,9.96739209E-1,
1394.000,9.96588469E-1,
1395.000,9.96434629E-1,
1396.000,9.96277571E-1,
1397.000,9.96117353E-1,
1398.000,9.95954335E-1,
1399.000,9.95788336E-1,
1400.00,9.95619237E-1,
1401.000,9.95447278E-1,
1402.000,9.95272100E-1,
1403.000,9.95094359E-1,
1404.000,9.94913399E-1,
1405.000,9.94729877E-1,
1406.000,9.94543433E-1,
1407.000,9.94353831E-1,
1408.000,9.94161606E-1,
1409.000,9.93966758E-1,
1410.00,9.93769050E-1,
1411.000,9.93568480E-1,
1412.000,9.93365228E-1,
1413.000,9.93159294E-1,
1414.000,9.92950559E-1,
1415.000,9.92739439E-1,
1416.000,9.92525399E-1,
1417.000,9.92308795E-1,
1418.000,9.92094457E-1,
1419.000,9.91877735E-1,
1420.00,9.91658449E-1,
1421.000,9.91436601E-1,
1422.000,9.91212130E-1,
1423.000,9.90985215E-1,
1424.000,9.90755796E-1,
1425.000,9.90523934E-1,
1426.000,9.90289390E-1,
1427.000,9.90052521E-1,
1428.000,9.89813089E-1,
1429.000,9.89571273E-1,
1430.00,9.89326954E-1,
1431.000,9.89080310E-1,
1432.000,9.88831162E-1,
1433.000,9.88579571E-1,
1434.000,9.88325596E-1,
1435.000,9.88069117E-1,
1436.000,9.87810314E-1,
1437.000,9.87549245E-1,
1438.000,9.87285614E-1,
1439.000,9.87019598E-1,
1440.00,9.86751378E-1,
1441.000,9.86480653E-1,
1442.000,9.86207664E-1,
1443.000,9.85932350E-1,
1444.000,9.85654771E-1,
1445.000,9.85374749E-1,
1446.000,9.85092521E-1,
1447.000,9.84807909E-1,
1448.000,9.84521091E-1,
1449.000,9.84231949E-1,
1450.00,9.83940482E-1,
1451.000,9.83646810E-1,
1452.000,9.83350933E-1,
1453.000,9.83052790E-1,
1454.000,9.82752442E-1,
1455.000,9.82449710E-1,
1456.000,9.82144892E-1,
1457.000,9.81837809E-1,
1458.000,9.81528699E-1,
1459.000,9.81217206E-1,
1460.00,9.80903566E-1,
1461.000,9.80587780E-1,
1462.000,9.80269909E-1,
1463.000,9.79949772E-1,
1464.000,9.79627550E-1,
1465.000,9.79303181E-1,
1466.000,9.78976607E-1,
1467.000,9.78648007E-1,
1468.000,9.78317261E-1,
1469.000,9.77984428E-1,
1470.00,9.77649510E-1,
1471.000,9.77312505E-1,
1472.000,9.76973355E-1,
1473.000,9.76632297E-1,
1474.000,9.76288974E-1,
1475.000,9.75943625E-1,
1476.000,9.75596368E-1,
1477.000,9.75247085E-1,
1478.000,9.74895716E-1,
1479.000,9.74542260E-1,
1480.00,9.74186957E-1,
1481.000,9.73829448E-1,
1482.000,9.73470092E-1,
1483.000,9.73108768E-1,
1484.000,9.72745478E-1,
1485.000,9.72380161E-1,
1486.000,9.72012877E-1,
1487.000,9.71643627E-1,
1488.000,9.71272469E-1,
1489.000,9.70899403E-1,
1490.00,9.70524490E-1,
1491.000,9.70147491E-1,
1492.000,9.69768643E-1,
1493.000,9.69388008E-1,
1494.000,9.69005346E-1,
1495.000,9.68620896E-1,
1496.000,9.68234539E-1,
1497.000,9.67846274E-1,
1498.000,9.67456222E-1,
1499.000,9.67064261E-1,
1500.00,9.66670513E-1,
1501.000,9.66274917E-1,
1502.000,9.65877414E-1,
1503.000,9.65478182E-1,
1504.000,9.65077162E-1,
1505.000,9.64674294E-1,
1506.000,9.64269578E-1,
1507.000,9.63863194E-1,
1508.000,9.63455021E-1,
1509.000,9.63045001E-1,
1510.00,9.62633252E-1,
1511.000,9.62219834E-1,
1512.000,9.61804628E-1,
1513.000,9.61387694E-1,
1514.000,9.60968971E-1,
1515.000,9.60548520E-1,
1516.000,9.60126460E-1,
1517.000,9.59702671E-1,
1518.000,9.59277153E-1,
1519.000,9.58849967E-1,
1520.00,9.58421052E-1,
1521.000,9.57990468E-1,
1522.000,9.57558334E-1,
1523.000,9.57124472E-1,
1524.000,9.56688881E-1,
1525.000,9.56251740E-1,
1526.000,9.55812991E-1,
1527.000,9.55372512E-1,
1528.000,9.54930425E-1,
1529.000,9.54486847E-1,
1530.00,9.54041600E-1,
1531.000,9.53594744E-1,
1532.000,9.53146398E-1,
1533.000,9.52696204E-1,
1534.000,9.52244759E-1,
1535.000,9.51791525E-1,
1536.000,9.51336920E-1,
1537.000,9.50880647E-1,
1538.000,9.50422883E-1,
1539.000,9.49963510E-1,
1540.00,9.49502647E-1,
1541.000,9.49040353E-1,
1542.000,9.48576450E-1,
1543.000,9.48110998E-1,
1544.000,9.47644174E-1,
1545.000,9.47175860E-1,
1546.000,9.46705937E-1,
1547.000,9.46234643E-1,
1548.000,9.45761859E-1,
1549.000,9.45287585E-1,
1550.00,9.44811940E-1,
1551.000,9.44334686E-1,
1552.000,9.43856061E-1,
1553.000,9.43376124E-1,
1554.000,9.42894757E-1,
1555.000,9.42411840E-1,
1556.000,9.41927493E-1,
1557.000,9.41441894E-1,
1558.000,9.40954804E-1,
1559.000,9.40466404E-1,
1560.00,9.39976573E-1,
1561.000,9.39485371E-1,
1562.000,9.38992858E-1,
1563.000,9.38498855E-1,
1564.000,9.38003659E-1,
1565.000,9.37506974E-1,
1566.000,9.37009096E-1,
1567.000,9.36509788E-1,
1568.000,9.36009109E-1,
1569.000,9.35507238E-1,
1570.00,9.35003936E-1,
1571.000,9.34499502E-1,
1572.000,9.33993578E-1,
1573.000,9.33486402E-1,
1574.000,9.32977974E-1,
1575.000,9.32468414E-1,
1576.000,9.31957483E-1,
1577.000,9.31445241E-1,
1578.000,9.30931747E-1,
1579.000,9.30417061E-1,
1580.00,9.29901063E-1,
1581.000,9.29383874E-1,
1582.000,9.28865492E-1,
1583.000,9.28345799E-1,
1584.000,9.27825034E-1,
1585.000,9.27302957E-1,
1586.000,9.26779807E-1,
1587.000,9.26255345E-1,
1588.000,9.25729632E-1,
1589.000,9.25202787E-1,
1590.00,9.24674809E-1,
1591.000,9.24145639E-1,
1592.000,9.23615396E-1,
1593.000,9.23083782E-1,
1594.000,9.22551215E-1,
1595.000,9.22017455E-1,
1596.000,9.21482623E-1,
1597.000,9.20946658E-1,
1598.000,9.20409381E-1,
1599.000,9.19871151E-1,
1600.00,9.19331849E-1,
1601.000,9.18791354E-1,
1602.000,9.18249726E-1,
1603.000,9.17707086E-1,
1604.000,9.17163372E-1,
1605.000,9.16618526E-1,
1606.000,9.16072607E-1,
1607.000,9.15525675E-1,
1608.000,9.14977670E-1,
1609.000,9.14428592E-1,
1610.00,9.13878560E-1,
1611.000,9.13327456E-1,
1612.000,9.12775159E-1,
1613.000,9.12221909E-1,
1614.000,9.11667824E-1,
1615.000,9.11112487E-1,
1616.000,9.10556316E-1,
1617.000,9.09999013E-1,
1618.000,9.09440756E-1,
1619.000,9.08881485E-1,
1620.00,9.08321321E-1,
1621.000,9.07760084E-1,
1622.000,9.07197893E-1,
1623.000,9.06634808E-1,
1624.000,9.06070769E-1,
1625.000,9.05505717E-1,
1626.000,9.04939592E-1,
1627.000,9.04372692E-1,
1628.000,9.03804898E-1,
1629.000,9.03236091E-1,
1630.00,9.02666390E-1,
1631.000,9.02095556E-1,
1632.000,9.01524007E-1,
1633.000,9.00951624E-1,
1634.000,9.00378227E-1,
1635.000,8.99804056E-1,
1636.000,8.99228752E-1,
1637.000,8.98652792E-1,
1638.000,8.98075938E-1,
1639.000,8.97498071E-1,
1640.00,8.96919370E-1,
1641.000,8.96339834E-1,
1642.000,8.95759583E-1,
1643.000,8.95178318E-1,
1644.000,8.94596338E-1,
1645.000,8.94013286E-1,
1646.000,8.93429577E-1,
1647.000,8.92845094E-1,
1648.000,8.92259717E-1,
1649.000,8.91673446E-1,
1650.00,8.91086400E-1,
1651.000,8.90498757E-1,
1652.000,8.89910102E-1,
1653.000,8.89320731E-1,
1654.000,8.88730526E-1,
1655.000,8.88139546E-1,
1656.000,8.87547910E-1,
1657.000,8.86955321E-1,
1658.000,8.86361897E-1,
1659.000,8.85767937E-1,
1660.00,8.85173202E-1,
1661.000,8.84577692E-1,
1662.000,8.83981287E-1,
1663.000,8.83384287E-1,
1664.000,8.82786512E-1,
1665.000,8.82187963E-1,
1666.000,8.81588757E-1,
1667.000,8.80988836E-1,
1668.000,8.80388081E-1,
1669.000,8.79786849E-1,
1670.00,8.79184783E-1,
1671.000,8.78582060E-1,
1672.000,8.77978563E-1,
1673.000,8.77374411E-1,
1674.000,8.76769662E-1,
1675.000,8.76164138E-1,
1676.000,8.75557959E-1,
1677.000,8.74951184E-1,
1678.000,8.74343634E-1,
1679.000,8.73735487E-1,
1680.00,8.73126686E-1,
1681.000,8.72517228E-1,
1682.000,8.71907175E-1,
1683.000,8.71296525E-1,
1684.000,8.70685101E-1,
1685.000,8.70073080E-1,
1686.000,8.69460583E-1,
1687.000,8.68847311E-1,
1688.000,8.68233502E-1,
1689.000,8.67619038E-1,
1690.00,8.67003918E-1,
1691.000,8.66388440E-1,
1692.000,8.65772188E-1,
1693.000,8.65155339E-1,
1694.000,8.64538014E-1,
1695.000,8.63920033E-1,
1696.000,8.63301516E-1,
1697.000,8.62682402E-1,
1698.000,8.62062693E-1,
1699.000,8.61442387E-1,
1700.00,8.60821724E-1,
1701.000,8.60200286E-1,
1702.000,8.59578431E-1,
1703.000,8.58956039E-1,
1704.000,8.58333051E-1,
1705.000,8.57709646E-1,
1706.000,8.57085526E-1,
1707.000,8.56460989E-1,
1708.000,8.55836093E-1,
1709.000,8.55210543E-1,
1710.00,8.54584336E-1,
1711.000,8.53957713E-1,
1712.000,8.53330731E-1,
1713.000,8.52703214E-1,
1714.000,8.52075160E-1,
1715.000,8.51446688E-1,
1716.000,8.50817621E-1,
1717.000,8.50188196E-1,
1718.000,8.49558294E-1,
1719.000,8.48927796E-1,
1720.00,8.48296940E-1,
1721.000,8.47665608E-1,
1722.000,8.47033858E-1,
1723.000,8.46401572E-1,
1724.000,8.45768929E-1,
1725.000,8.45135748E-1,
1726.000,8.44502270E-1,
1727.000,8.43868256E-1,
1728.000,8.43233764E-1,
1729.000,8.42598975E-1,
1730.00,8.41963708E-1,
1731.000,8.41327965E-1,
1732.000,8.40691984E-1,
1733.000,8.40055466E-1,
1734.000,8.39418530E-1,
1735.000,8.38781297E-1,
1736.000,8.38143528E-1,
1737.000,8.37505460E-1,
1738.000,8.36867034E-1,
1739.000,8.36228192E-1,
1740.00,8.35588992E-1,
1741.000,8.34949374E-1,
1742.000,8.34309459E-1,
1743.000,8.33669186E-1,
1744.000,8.33028436E-1,
1745.000,8.32387388E-1,
1746.000,8.31746101E-1,
1747.000,8.31104338E-1,
1748.000,8.30462158E-1,
1749.000,8.29819858E-1,
1750.00,8.29177022E-1,
1751.000,8.28534007E-1,
1752.000,8.27890515E-1,
1753.000,8.27246726E-1,
1754.000,8.26602757E-1,
1755.000,8.25958312E-1,
1756.000,8.25313687E-1,
1757.000,8.24668586E-1,
1758.000,8.24023366E-1,
1759.000,8.23377669E-1,
1760.00,8.22731853E-1,
1761.000,8.22085559E-1,
1762.000,8.21439087E-1,
1763.000,8.20792377E-1,
1764.000,8.20145309E-1,
1765.000,8.19497883E-1,
1766.000,8.18850398E-1,
1767.000,8.18202436E-1,
1768.000,8.17554414E-1,
1769.000,8.16905856E-1,
1770.00,8.16257179E-1,
1771.000,8.15608323E-1,
1772.000,8.14959109E-1,
1773.000,8.14309597E-1,
1774.000,8.13659966E-1,
1775.000,8.13010156E-1,
1776.000,8.12359929E-1,
1777.000,8.11709583E-1,
1778.000,8.11058998E-1,
1779.000,8.10408056E-1,
1780.00,8.09757054E-1,
1781.000,8.09105754E-1,
1782.000,8.08454216E-1,
1783.000,8.07802558E-1,
1784.000,8.07150602E-1,
1785.000,8.06498468E-1,
1786.000,8.05846214E-1,
1787.000,8.05193603E-1,
1788.000,8.04540873E-1,
1789.000,8.03887963E-1,
1790.00,8.03234935E-1,
1791.000,8.02581549E-1,
1792.000,8.01928103E-1,
1793.000,8.01274359E-1,
1794.000,8.00620496E-1,
1795.000,7.99966514E-1,
1796.000,7.99312472E-1,
1797.000,7.98658013E-1,
1798.000,7.98003554E-1,
1799.000,7.97348917E-1,
1800.00,7.96694219E-1,
1801.000,7.96039164E-1,
1802.000,7.95383990E-1,
1803.000,7.94728756E-1,
1804.000,7.94073403E-1,
1805.000,7.93417811E-1,
1806.000,7.92762160E-1,
1807.000,7.92106390E-1,
1808.000,7.91450441E-1,
1809.000,7.90794373E-1,
1810.00,7.90138185E-1,
1811.000,7.89481878E-1,
1812.000,7.88825512E-1,
1813.000,7.88168907E-1,
1814.000,7.87512243E-1,
1815.000,7.86855519E-1,
1816.000,7.86198735E-1,
1817.000,7.85541713E-1,
1818.000,7.84884691E-1,
1819.000,7.84227550E-1,
1820.00,7.83570290E-1,
1821.000,7.82912970E-1,
1822.000,7.82255530E-1,
1823.000,7.81598091E-1,
1824.000,7.80940533E-1,
1825.000,7.80282795E-1,
1826.000,7.79625058E-1,
1827.000,7.78967321E-1,
1828.000,7.78309524E-1,
1829.000,7.77651429E-1,
1830.00,7.76993513E-1,
1831.000,7.76335478E-1,
1832.000,7.75677443E-1,
1833.000,7.75019228E-1,
1834.000,7.74360955E-1,
1835.000,7.73702681E-1,
1836.000,7.73044467E-1,
1837.000,7.72386074E-1,
1838.000,7.71727741E-1,
1839.000,7.71069348E-1,
1840.00,7.70410895E-1,
1841.000,7.69752264E-1,
1842.000,7.69093871E-1,
1843.000,7.68435299E-1,
1844.000,7.67776728E-1,
1845.000,7.67118096E-1,
1846.000,7.66459584E-1,
1847.000,7.65801013E-1,
1848.000,7.65142381E-1,
1849.000,7.64483631E-1,
1850.00,7.63825119E-1,
1851.000,7.63166487E-1,
1852.000,7.62507796E-1,
1853.000,7.61849165E-1,
1854.000,7.61190534E-1,
1855.000,7.60531902E-1,
1856.000,7.59873331E-1,
1857.000,7.59214759E-1,
1858.000,7.58556128E-1,
1859.000,7.57897675E-1,
1860.00,7.57239163E-1,
1861.000,7.56580472E-1,
1862.000,7.55922019E-1,
1863.000,7.55263627E-1,
1864.000,7.54605114E-1,
1865.000,7.53946722E-1,
1866.000,7.53288388E-1,
1867.000,7.52629995E-1,
1868.000,7.51971722E-1,
1869.000,7.51313567E-1,
1870.00,7.50655293E-1,
1871.000,7.49997139E-1,
1872.000,7.49339044E-1,
1873.000,7.48681068E-1,
1874.000,7.48023033E-1,
1875.000,7.47365057E-1,
1876.000,7.46707261E-1,
1877.000,7.46049345E-1,
1878.000,7.45391667E-1,
1879.000,7.44733930E-1,
1880.00,7.44076371E-1,
1881.000,7.43418813E-1,
1882.000,7.42761314E-1,
1883.000,7.42103934E-1,
1884.000,7.41446674E-1,
1885.000,7.40789473E-1,
1886.000,7.40132391E-1,
1887.000,7.39475310E-1,
1888.000,7.38818407E-1,
1889.000,7.38161504E-1,
1890.00,7.37504661E-1,
1891.000,7.36847937E-1,
1892.000,7.36191392E-1,
1893.000,7.35534966E-1,
1894.000,7.34878600E-1,
1895.000,7.34222293E-1,
1896.000,7.33566165E-1,
1897.000,7.32910097E-1,
1898.000,7.32254028E-1,
1899.000,7.31598198E-1,
1900.00,7.30942547E-1,
1901.000,7.30287015E-1,
1902.000,7.29631424E-1,
1903.000,7.28976071E-1,
1904.000,7.28320777E-1,
1905.000,7.27665842E-1,
1906.000,7.27010846E-1,
1907.000,7.26355910E-1,
1908.000,7.25701153E-1,
1909.000,7.25046635E-1,
1910.00,7.24392056E-1,
1911.000,7.23737895E-1,
1912.000,7.23083735E-1,
1913.000,7.22429693E-1,
1914.000,7.21775770E-1,
1915.000,7.21122026E-1,
1916.000,7.20468521E-1,
1917.000,7.19815016E-1,
1918.000,7.19161689E-1,
1919.000,7.18508542E-1,
1920.00,7.17855632E-1,
1921.000,7.17202902E-1,
1922.000,7.16550171E-1,
1923.000,7.15897739E-1,
1924.000,7.15245366E-1,
1925.000,7.14593232E-1,
1926.000,7.13941216E-1,
1927.000,7.13289380E-1,
1928.000,7.12637782E-1,
1929.000,7.11986363E-1,
1930.00,7.11334944E-1,
1931.000,7.10683882E-1,
1932.000,7.10032940E-1,
1933.000,7.09382236E-1,
1934.000,7.08731651E-1,
1935.000,7.08081305E-1,
1936.000,7.07431078E-1,
1937.000,7.06781089E-1,
1938.000,7.06131160E-1,
1939.000,7.05481648E-1,
1940.00,7.04832196E-1,
1941.000,7.04183042E-1,
1942.000,7.03533947E-1,
1943.000,7.02885091E-1,
1944.000,7.02236414E-1,
1945.000,7.01588154E-1,
1946.000,7.00939775E-1,
1947.000,7.00291812E-1,
1948.000,6.99643970E-1,
1949.000,6.98996365E-1,
1950.00,6.98349059E-1,
1951.000,6.97701812E-1,
1952.000,6.97054982E-1,
1953.000,6.96408212E-1,
1954.000,6.95761621E-1,
1955.000,6.95115328E-1,
1956.000,6.94469333E-1,
1957.000,6.93823397E-1,
1958.000,6.93177819E-1,
1959.000,6.92532361E-1,
1960.00,6.91887319E-1,
1961.000,6.91242337E-1,
1962.000,6.90597653E-1,
1963.000,6.89953148E-1,
1964.000,6.89308941E-1,
1965.000,6.88664854E-1,
1966.000,6.88021064E-1,
1967.000,6.87377572E-1,
1968.000,6.86734378E-1,
1969.000,6.86091363E-1,
1970.00,6.85448587E-1,
1971.000,6.84806049E-1,
1972.000,6.84163749E-1,
1973.000,6.83521688E-1,
1974.000,6.82879865E-1,
1975.000,6.82238340E-1,
1976.000,6.81596935E-1,
1977.000,6.80956006E-1,
1978.000,6.80315316E-1,
1979.000,6.79674685E-1,
1980.00,6.79034531E-1,
1981.000,6.78394496E-1,
1982.000,6.77754760E-1,
1983.000,6.77115381E-1,
1984.000,6.76476181E-1,
1985.000,6.75837219E-1,
1986.000,6.75198555E-1,
1987.000,6.74560130E-1,
1988.000,6.73922002E-1,
1989.000,6.73284173E-1,
1990.00,6.72646582E-1,
1991.000,6.72009408E-1,
1992.000,6.71372235E-1,
1993.000,6.70735598E-1,
1994.000,6.70099139E-1,
1995.000,6.69462919E-1,
1996.000,6.68827057E-1,
1997.000,6.68191433E-1,
1998.000,6.67556107E-1,
1999.000,6.66921139E-1,
2000.00,6.66286349E-1,
2001.000,6.65651858E-1,
2002.000,6.65017724E-1,
2003.000,6.64383829E-1,
2004.000,6.63750231E-1,
2005.000,6.63116992E-1,
2006.000,6.62483931E-1,
2007.000,6.61851287E-1,
2008.000,6.61218941E-1,
2009.000,6.60586774E-1,
2010.00,6.59954965E-1,
2011.000,6.59323573E-1,
2012.000,6.58692300E-1,
2013.000,6.58061385E-1,
2014.000,6.57430828E-1,
2015.000,6.56800628E-1,
2016.000,6.56170666E-1,
2017.000,6.55540943E-1,
2018.000,6.54911637E-1,
2019.000,6.54282629E-1,
2020.00,6.53653979E-1,
2021.000,6.53025508E-1,
2022.000,6.52397454E-1,
2023.000,6.51769757E-1,
2024.000,6.51142299E-1,
2025.000,6.50515020E-1,
2026.000,6.49888277E-1,
2027.000,6.49261832E-1,
2028.000,6.48635626E-1,
2029.000,6.48009837E-1,
2030.00,6.47384346E-1,
2031.000,6.46759033E-1,
2032.000,6.46134257E-1,
2033.000,6.45509839E-1,
2034.000,6.44885540E-1,
2035.000,6.44261658E-1,
2036.000,6.43638074E-1,
2037.000,6.43014967E-1,
2038.000,6.42391980E-1,
2039.000,6.41769528E-1,
2040.00,6.41147375E-1,
2041.000,6.40525460E-1,
2042.000,6.39903903E-1,
2043.000,6.39282763E-1,
2044.000,6.38661921E-1,
2045.000,6.38041496E-1,
2046.000,6.37421310E-1,
2047.000,6.36801481E-1,
2048.000,6.36182010E-1,
2049.000,6.35562897E-1,
2050.00,6.34944141E-1,
2051.000,6.34325624E-1,
2052.000,6.33707583E-1,
2053.000,6.33089840E-1,
2054.000,6.32472515E-1,
2055.000,6.31855309E-1,
2056.000,6.31238759E-1,
2057.000,6.30622327E-1,
2058.000,6.30006492E-1,
2059.000,6.29390776E-1,
2060.00,6.28775537E-1,
2061.000,6.28160715E-1,
2062.000,6.27546191E-1,
2063.000,6.26931906E-1,
2064.000,6.26318157E-1,
2065.000,6.25704587E-1,
2066.000,6.25091612E-1,
2067.000,6.24478877E-1,
2068.000,6.23866439E-1,
2069.000,6.23254359E-1,
2070.00,6.22642815E-1,
2071.000,6.22031569E-1,
2072.000,6.21420562E-1,
2073.000,6.20810032E-1,
2074.000,6.20199859E-1,
2075.000,6.19590104E-1,
2076.000,6.18980646E-1,
2077.000,6.18371546E-1,
2078.000,6.17762923E-1,
2079.000,6.17154598E-1,
2080.00,6.16546631E-1,
2081.000,6.15939081E-1,
2082.000,6.15331829E-1,
2083.000,6.14725113E-1,
2084.000,6.14118636E-1,
2085.000,6.13512635E-1,
2086.000,6.12906873E-1,
2087.000,6.12301648E-1,
2088.000,6.11696661E-1,
2089.000,6.11092210E-1,
2090.00,6.10487938E-1,
2091.000,6.09884143E-1,
2092.000,6.09280825E-1,
2093.000,6.08677804E-1,
2094.000,6.08075202E-1,
2095.000,6.07472956E-1,
2096.000,6.06871128E-1,
2097.000,6.06269658E-1,
2098.000,6.05668604E-1,
2099.000,6.05067909E-1,
2100.00,6.04467571E-1,
2101.000,6.03867710E-1,
2102.000,6.03268206E-1,
2103.000,6.02669001E-1,
2104.000,6.02070332E-1,
2105.000,6.01471961E-1,
2106.000,6.00874007E-1,
2107.000,6.00276470E-1,
2108.000,5.99679351E-1,
2109.000,5.99082649E-1,
2110.00,5.98486245E-1,
2111.000,5.97890317E-1,
2112.000,5.97294748E-1,
2113.000,5.96699595E-1,
2114.000,5.96104801E-1,
2115.000,5.95510483E-1,
2116.000,5.94916463E-1,
2117.000,5.94322979E-1,
2118.000,5.93729734E-1,
2119.000,5.93137026E-1,
2120.00,5.92544675E-1,
2121.000,5.91952682E-1,
2122.000,5.91361165E-1,
2123.000,5.90770066E-1,
2124.000,5.90179324E-1,
2125.000,5.89588940E-1,
2126.000,5.88999093E-1,
2127.000,5.88409603E-1,
2128.000,5.87820470E-1,
2129.000,5.87231755E-1,
2130.00,5.86643457E-1,
2131.000,5.86055636E-1,
2132.000,5.85468113E-1,
2133.000,5.84881127E-1,
2134.000,5.84294379E-1,
2135.000,5.83708227E-1,
2136.000,5.83122373E-1,
2137.000,5.82537115E-1,
2138.000,5.81952095E-1,
2139.000,5.81367493E-1,
2140.00,5.80783308E-1,
2141.000,5.80199659E-1,
2142.000,5.79616249E-1,
2143.000,5.79033315E-1,
2144.000,5.78450859E-1,
2145.000,5.77868760E-1,
2146.000,5.77287078E-1,
2147.000,5.76705933E-1,
2148.000,5.76125026E-1,
2149.000,5.75544715E-1,
2150.00,5.74964702E-1,
2151.000,5.74385166E-1,
2152.000,5.73806047E-1,
2153.000,5.73227227E-1,
2154.000,5.72649062E-1,
2155.000,5.72071135E-1,
2156.000,5.71493685E-1,
2157.000,5.70916653E-1,
2158.000,5.70340157E-1,
2159.000,5.69763899E-1,
2160.00,5.69188178E-1,
2161.000,5.68612874E-1,
2162.000,5.68037987E-1,
2163.000,5.67463458E-1,
2164.000,5.66889465E-1,
2165.000,5.66315949E-1,
2166.000,5.65742612E-1,
2167.000,5.65169930E-1,
2168.000,5.64597607E-1,
2169.000,5.64025700E-1,
2170.00,5.63454270E-1,
2171.000,5.62883198E-1,
2172.000,5.62312603E-1,
2173.000,5.61742425E-1,
2174.000,5.61172664E-1,
2175.000,5.60603440E-1,
2176.000,5.60034454E-1,
2177.000,5.59466004E-1,
2178.000,5.58898032E-1,
2179.000,5.58330536E-1,
2180.00,5.57763159E-1,
2181.000,5.57196677E-1,
2182.000,5.56630313E-1,
2183.000,5.56064487E-1,
2184.000,5.55499077E-1,
2185.000,5.54934084E-1,
2186.000,5.54369628E-1,
2187.000,5.53805411E-1,
2188.000,5.53241849E-1,
2189.000,5.52678585E-1,
2190.00,5.52115738E-1,
2191.000,5.51553488E-1,
2192.000,5.50991535E-1,
2193.000,5.50430000E-1,
2194.000,5.49869001E-1,
2195.000,5.49308479E-1,
2196.000,5.48748255E-1,
2197.000,5.48188508E-1,
2198.000,5.47629297E-1,
2199.000,5.47070444E-1,
2200.00,5.46512008E-1,
2201.000,5.45954049E-1,
2202.000,5.45396566E-1,
2203.000,5.44839442E-1,
2204.000,5.44282794E-1,
2205.000,5.43726742E-1,
2206.000,5.43170989E-1,
2207.000,5.42615712E-1,
2208.000,5.42060792E-1,
2209.000,5.41506410E-1,
2210.00,5.40952384E-1,
2211.000,5.40398836E-1,
2212.000,5.39845824E-1,
2213.000,5.39293110E-1,
2214.000,5.38740993E-1,
2215.000,5.38189173E-1,
2216.000,5.37638009E-1,
2217.000,5.37087023E-1,
2218.000,5.36536634E-1,
2219.000,5.35986722E-1,
2220.00,5.35437167E-1,
2221.000,5.34888148E-1,
2222.000,5.34339488E-1,
2223.000,5.33791363E-1,
2224.000,5.33243597E-1,
2225.000,5.32696247E-1,
2226.000,5.32149494E-1,
2227.000,5.31603158E-1,
2228.000,5.31057119E-1,
2229.000,5.30511677E-1,
2230.00,5.29966593E-1,
2231.000,5.29422045E-1,
2232.000,5.28877914E-1,
2233.000,5.28334200E-1,
2234.000,5.27790964E-1,
2235.000,5.27248144E-1,
2236.000,5.26705861E-1,
2237.000,5.26163936E-1,
2238.000,5.25622547E-1,
2239.000,5.25081515E-1,
2240.00,5.24540961E-1,
2241.000,5.24000823E-1,
2242.000,5.23461282E-1,
2243.000,5.22922099E-1,
2244.000,5.22383273E-1,
2245.000,5.21844983E-1,
2246.000,5.21307170E-1,
2247.000,5.20769835E-1,
2248.000,5.20232856E-1,
2249.000,5.19696414E-1,
2250.00,5.19160450E-1,
2251.000,5.18624783E-1,
2252.000,5.18089652E-1,
2253.000,5.17555058E-1,
2254.000,5.17020822E-1,
2255.000,5.16487062E-1,
2256.000,5.15953839E-1,
2257.000,5.15420914E-1,
2258.000,5.14888525E-1,
2259.000,5.14356554E-1,
2260.00,5.13825059E-1,
2261.000,5.13294041E-1,
2262.000,5.12763560E-1,
2263.000,5.12233436E-1,
2264.000,5.11703670E-1,
2265.000,5.11174500E-1,
2266.000,5.10645747E-1,
2267.000,5.10117471E-1,
2268.000,5.09589553E-1,
2269.000,5.09062111E-1,
2270.00,5.08535266E-1,
2271.000,5.08008718E-1,
2272.000,5.07482708E-1,
2273.000,5.06957173E-1,
2274.000,5.06432056E-1,
2275.000,5.05907357E-1,
2276.000,5.05383134E-1,
2277.000,5.04859447E-1,
2278.000,5.04336178E-1,
2279.000,5.03813326E-1,
2280.00,5.03290892E-1,
2281.000,5.02768993E-1,
2282.000,5.02247453E-1,
2283.000,5.01726508E-1,
2284.000,5.01205981E-1,
2285.000,5.00685871E-1,
2286.000,5.00166237E-1,
2287.000,4.99647051E-1,
2288.000,4.99128371E-1,
2289.000,4.98610049E-1,
2290.00,4.98092234E-1,
2291.000,4.97574925E-1,
2292.000,4.97058034E-1,
2293.000,4.96541619E-1,
2294.000,4.96025592E-1,
2295.000,4.95510101E-1,
2296.000,4.94995028E-1,
2297.000,4.94480342E-1,
2298.000,4.93966281E-1,
2299.000,4.93452549E-1,
2300.00,4.92939264E-1,
2301.000,4.92426574E-1,
2302.000,4.91914153E-1,
2303.000,4.91402328E-1,
2304.000,4.90890920E-1,
2305.000,4.90379900E-1,
2306.000,4.89869565E-1,
2307.000,4.89359379E-1,
2308.000,4.88849908E-1,
2309.000,4.88340706E-1,
2310.00,4.87832099E-1,
2311.000,4.87323910E-1,
2312.000,4.86816078E-1,
2313.000,4.86308903E-1,
2314.000,4.85801995E-1,
2315.000,4.85295683E-1,
2316.000,4.84789789E-1,
2317.000,4.84284252E-1,
2318.000,4.83779252E-1,
2319.000,4.83274788E-1,
2320.00,4.82770652E-1,
2321.000,4.82267082E-1,
2322.000,4.81763870E-1,
2323.000,4.81261134E-1,
2324.000,4.80758965E-1,
2325.000,4.80257154E-1,
2326.000,4.79755759E-1,
2327.000,4.79254961E-1,
2328.000,4.78754461E-1,
2329.000,4.78254557E-1,
2330.00,4.77755070E-1,
2331.000,4.77255940E-1,
2332.000,4.76757348E-1,
2333.000,4.76259232E-1,
2334.000,4.75761533E-1,
2335.000,4.75264370E-1,
2336.000,4.74767655E-1,
2337.000,4.74271357E-1,
2338.000,4.73775476E-1,
2339.000,4.73280013E-1,
2340.00,4.72785175E-1,
2341.000,4.72290635E-1,
2342.000,4.71796632E-1,
2343.000,4.71303165E-1,
2344.000,4.70810056E-1,
2345.000,4.70317334E-1,
2346.000,4.69825149E-1,
2347.000,4.69333470E-1,
2348.000,4.68842179E-1,
2349.000,4.68351334E-1,
2350.00,4.67861056E-1,
2351.000,4.67371166E-1,
2352.000,4.66881663E-1,
2353.000,4.66392666E-1,
2354.000,4.65904206E-1,
2355.000,4.65416074E-1,
2356.000,4.64928478E-1,
2357.000,4.64441299E-1,
2358.000,4.63954598E-1,
2359.000,4.63468403E-1,
2360.00,4.62982595E-1,
2361.000,4.62497294E-1,
2362.000,4.62012440E-1,
2363.000,4.61527914E-1,
2364.000,4.61044014E-1,
2365.000,4.60560530E-1,
2366.000,4.60077435E-1,
2367.000,4.59594846E-1,
2368.000,4.59112614E-1,
2369.000,4.58631039E-1,
2370.00,4.58149761E-1,
2371.000,4.57668930E-1,
2372.000,4.57188666E-1,
2373.000,4.56708819E-1,
2374.000,4.56229359E-1,
2375.000,4.55750406E-1,
2376.000,4.55271900E-1,
2377.000,4.54793900E-1,
2378.000,4.54316288E-1,
2379.000,4.53839153E-1,
2380.00,4.53362435E-1,
2381.000,4.52886254E-1,
2382.000,4.52410460E-1,
2383.000,4.51935142E-1,
2384.000,4.51460272E-1,
2385.000,4.50985849E-1,
2386.000,4.50511873E-1,
2387.000,4.50038403E-1,
2388.000,4.49565291E-1,
2389.000,4.49092716E-1,
2390.00,4.48620617E-1,
2391.000,4.48148906E-1,
2392.000,4.47677672E-1,
2393.000,4.47206855E-1,
2394.000,4.46736544E-1,
2395.000,4.46266651E-1,
2396.000,4.45797175E-1,
2397.000,4.45328295E-1,
2398.000,4.44859713E-1,
2399.000,4.44391608E-1,
2400.00,4.43924010E-1,
2401.000,4.43456858E-1,
2402.000,4.42990154E-1,
2403.000,4.42523867E-1,
2404.000,4.42058086E-1,
2405.000,4.41592693E-1,
2406.000,4.41127837E-1,
2407.000,4.40663338E-1,
2408.000,4.40199345E-1,
2409.000,4.39735770E-1,
2410.00,4.39272672E-1,
2411.000,4.38809961E-1,
2412.000,4.38347787E-1,
2413.000,4.37885970E-1,
2414.000,4.37424690E-1,
2415.000,4.36963856E-1,
2416.000,4.36503410E-1,
2417.000,4.36043471E-1,
2418.000,4.35583979E-1,
2419.000,4.35124844E-1,
2420.00,4.34666306E-1,
2421.000,4.34208125E-1,
2422.000,4.33750421E-1,
2423.000,4.33293134E-1,
2424.000,4.32836294E-1,
2425.000,4.32379842E-1,
2426.000,4.31923985E-1,
2427.000,4.31468546E-1,
2428.000,4.31013495E-1,
2429.000,4.30558920E-1,
2430.00,4.30104792E-1,
2431.000,4.29651082E-1,
2432.000,4.29197788E-1,
2433.000,4.28745031E-1,
2434.000,4.28292722E-1,
2435.000,4.27840859E-1,
2436.000,4.27389383E-1,
2437.000,4.26938295E-1,
2438.000,4.26487833E-1,
2439.000,4.26037639E-1,
2440.00,4.25587922E-1,
2441.000,4.25138772E-1,
2442.000,4.24690008E-1,
2443.000,4.24241602E-1,
2444.000,4.23793733E-1,
2445.000,4.23346251E-1,
2446.000,4.22899246E-1,
2447.000,4.22452688E-1,
2448.000,4.22006607E-1,
2449.000,4.21560913E-1,
2450.00,4.21115756E-1,
2451.000,4.20670837E-1,
2452.000,4.20226544E-1,
2453.000,4.19782698E-1,
2454.000,4.19339240E-1,
2455.000,4.18896139E-1,
2456.000,4.18453574E-1,
2457.000,4.18011457E-1,
2458.000,4.17569816E-1,
2459.000,4.17128533E-1,
2460.00,4.16687757E-1,
2461.000,4.16247368E-1,
2462.000,4.15807396E-1,
2463.000,4.15367931E-1,
2464.000,4.14928943E-1,
2465.000,4.14490253E-1,
2466.000,4.14052099E-1,
2467.000,4.13614392E-1,
2468.000,4.13177133E-1,
2469.000,4.12740290E-1,
2470.00,4.12303895E-1,
2471.000,4.11867946E-1,
2472.000,4.11432385E-1,
2473.000,4.10997272E-1,
2474.000,4.10562694E-1,
2475.000,4.10128444E-1,
2476.000,4.09694612E-1,
2477.000,4.09261376E-1,
2478.000,4.08828437E-1,
2479.000,4.08395916E-1,
2480.00,4.07963961E-1,
2481.000,4.07532394E-1,
2482.000,4.07101214E-1,
2483.000,4.06670541E-1,
2484.000,4.06240195E-1,
2485.000,4.05810386E-1,
2486.000,4.05380934E-1,
2487.000,4.04951960E-1,
2488.000,4.04523462E-1,
2489.000,4.04095292E-1,
2490.00,4.03667748E-1,
2491.000,4.03240442E-1,
2492.000,4.02813673E-1,
2493.000,4.02387321E-1,
2494.000,4.01961327E-1,
2495.000,4.01535869E-1,
2496.000,4.01110798E-1,
2497.000,4.00686115E-1,
2498.000,4.00261939E-1,
2499.000,3.99838179E-1,
2500.00,3.99414778E-1,
2501.000,3.98991942E-1,
2502.000,3.98569465E-1,
2503.000,3.98147374E-1,
2504.000,3.97725821E-1,
2505.000,3.97304684E-1,
2506.000,3.96883935E-1,
2507.000,3.96463603E-1,
2508.000,3.96043777E-1,
2509.000,3.95624280E-1,
2510.00,3.95205200E-1,
2511.000,3.94786626E-1,
2512.000,3.94368500E-1,
2513.000,3.93950701E-1,
2514.000,3.93533438E-1,
2515.000,3.93116593E-1,
2516.000,3.92700106E-1,
2517.000,3.92284065E-1,
2518.000,3.91868472E-1,
2519.000,3.91453296E-1,
2520.00,3.91038507E-1,
2521.000,3.90624255E-1,
2522.000,3.90210390E-1,
2523.000,3.89796913E-1,
2524.000,3.89383882E-1,
2525.000,3.88971299E-1,
2526.000,3.88559043E-1,
2527.000,3.88147265E-1,
2528.000,3.87735993E-1,
2529.000,3.87325019E-1,
2530.00,3.86914581E-1,
2531.000,3.86504531E-1,
2532.000,3.86094928E-1,
2533.000,3.85685712E-1,
2534.000,3.85276943E-1,
2535.000,3.84868532E-1,
2536.000,3.84460598E-1,
2537.000,3.84053141E-1,
2538.000,3.83645952E-1,
2539.000,3.83239299E-1,
2540.00,3.82833034E-1,
2541.000,3.82427275E-1,
2542.000,3.82021785E-1,
2543.000,3.81616831E-1,
2544.000,3.81212294E-1,
2545.000,3.80808115E-1,
2546.000,3.80404353E-1,
2547.000,3.80001098E-1,
2548.000,3.79598230E-1,
2549.000,3.79195780E-1,
2550.00,3.78793687E-1,
2551.000,3.78392041E-1,
2552.000,3.77990872E-1,
2553.000,3.77590060E-1,
2554.000,3.77189666E-1,
2555.000,3.76789689E-1,
2556.000,3.76390249E-1,
2557.000,3.75991106E-1,
2558.000,3.75592411E-1,
2559.000,3.75194043E-1,
2560.00,3.74796182E-1,
2561.000,3.74398738E-1,
2562.000,3.74001771E-1,
2563.000,3.73605132E-1,
2564.000,3.73208851E-1,
2565.000,3.72813076E-1,
2566.000,3.72417778E-1,
2567.000,3.72022778E-1,
2568.000,3.71628165E-1,
2569.000,3.71234059E-1,
2570.00,3.70840400E-1,
2571.000,3.70447069E-1,
2572.000,3.70054185E-1,
2573.000,3.69661629E-1,
2574.000,3.69269580E-1,
2575.000,3.68877918E-1,
2576.000,3.68486643E-1,
2577.000,3.68095905E-1,
2578.000,3.67705464E-1,
2579.000,3.67315382E-1,
2580.00,3.66925836E-1,
2581.000,3.66536677E-1,
2582.000,3.66147816E-1,
2583.000,3.65759462E-1,
2584.000,3.65371495E-1,
2585.000,3.64983916E-1,
2586.000,3.64596814E-1,
2587.000,3.64210039E-1,
2588.000,3.63823771E-1,
2589.000,3.63437802E-1,
2590.00,3.63052249E-1,
2591.000,3.62667233E-1,
2592.000,3.62282455E-1,
2593.000,3.61898214E-1,
2594.000,3.61514360E-1,
2595.000,3.61130893E-1,
2596.000,3.60747725E-1,
2597.000,3.60365063E-1,
2598.000,3.59982848E-1,
2599.000,3.59600991E-1,
2600.00,3.59219521E-1,
2601.000,3.58838469E-1,
2602.000,3.58457863E-1,
2603.000,3.58077556E-1,
2604.000,3.57697845E-1,
2605.000,3.57318372E-1,
2606.000,3.56939286E-1,
2607.000,3.56560647E-1,
2608.000,3.56182396E-1,
2609.000,3.55804682E-1,
2610.00,3.55427176E-1,
2611.000,3.55050176E-1,
2612.000,3.54673624E-1,
2613.000,3.54297340E-1,
2614.000,3.53921473E-1,
2615.000,3.53546172E-1,
2616.000,3.53171110E-1,
2617.000,3.52796435E-1,
2618.000,3.52422297E-1,
2619.000,3.52048427E-1,
2620.00,3.51674974E-1,
2621.000,3.51301938E-1,
2622.000,3.50929379E-1,
2623.000,3.50557148E-1,
2624.000,3.50185275E-1,
2625.000,3.49813849E-1,
2626.000,3.49442810E-1,
2627.000,3.49072129E-1,
2628.000,3.48701864E-1,
2629.000,3.48332018E-1,
2630.00,3.47962588E-1,
2631.000,3.47593516E-1,
2632.000,3.47224861E-1,
2633.000,3.46856654E-1,
2634.000,3.46488714E-1,
2635.000,3.46121222E-1,
2636.000,3.45754206E-1,
2637.000,3.45387459E-1,
2638.000,3.45021218E-1,
2639.000,3.44655246E-1,
2640.00,3.44289750E-1,
2641.000,3.43924701E-1,
2642.000,3.43559921E-1,
2643.000,3.43195558E-1,
2644.000,3.42831641E-1,
2645.000,3.42468053E-1,
2646.000,3.42104822E-1,
2647.000,3.41742098E-1,
2648.000,3.41379762E-1,
2649.000,3.41017693E-1,
2650.00,3.40656042E-1,
2651.000,3.40294927E-1,
2652.000,3.39934081E-1,
2653.000,3.39573592E-1,
2654.000,3.39213550E-1,
2655.000,3.38853836E-1,
2656.000,3.38494569E-1,
2657.000,3.38135630E-1,
2658.000,3.37777197E-1,
2659.000,3.37419063E-1,
2660.00,3.37061316E-1,
2661.000,3.36703956E-1,
2662.000,3.36347014E-1,
2663.000,3.35990369E-1,
2664.000,3.35634232E-1,
2665.000,3.35278362E-1,
2666.000,3.34922969E-1,
2667.000,3.34567904E-1,
2668.000,3.34213257E-1,
2669.000,3.33858997E-1,
2670.00,3.33505094E-1,
2671.000,3.33151609E-1,
2672.000,3.32798451E-1,
2673.000,3.32445741E-1,
2674.000,3.32093298E-1,
2675.000,3.31741333E-1,
2676.000,3.31389725E-1,
2677.000,3.31038594E-1,
2678.000,3.30687761E-1,
2679.000,3.30337167E-1,
2680.00,3.29987139E-1,
2681.000,3.29637408E-1,
2682.000,3.29288095E-1,
2683.000,3.28939140E-1,
2684.000,3.28590602E-1,
2685.000,3.28242362E-1,
2686.000,3.27894598E-1,
2687.000,3.27547163E-1,
2688.000,3.27200115E-1,
2689.000,3.26853365E-1,
2690.00,3.26507062E-1,
2691.000,3.26161206E-1,
2692.000,3.25815588E-1,
2693.000,3.25470448E-1,
2694.000,3.25125605E-1,
2695.000,3.24781150E-1,
2696.000,3.24437112E-1,
2697.000,3.24093491E-1,
2698.000,3.23750168E-1,
2699.000,3.23407203E-1,
2700.00,3.23064685E-1,
2701.000,3.22722435E-1,
2702.000,3.22380692E-1,
2703.000,3.22039276E-1,
2704.000,3.21698159E-1,
2705.000,3.21357489E-1,
2706.000,3.21017146E-1,
2707.000,3.20677102E-1,
2708.000,3.20337594E-1,
2709.000,3.19998324E-1,
2710.00,3.19659501E-1,
2711.000,3.19321066E-1,
2712.000,3.18982929E-1,
2713.000,3.18645209E-1,
2714.000,3.18307757E-1,
2715.000,3.17970842E-1,
2716.000,3.17634195E-1,
2717.000,3.17297846E-1,
2718.000,3.16962004E-1,
2719.000,3.16626459E-1,
2720.00,3.16291243E-1,
2721.000,3.15956503E-1,
2722.000,3.15622061E-1,
2723.000,3.15287918E-1,
2724.000,3.14954311E-1,
2725.000,3.14620972E-1,
2726.000,3.14287931E-1,
2727.000,3.13955277E-1,
2728.000,3.13623101E-1,
2729.000,3.13291222E-1,
2730.00,3.12959701E-1,
2731.000,3.12628597E-1,
2732.000,3.12297761E-1,
2733.000,3.11967254E-1,
2734.000,3.11637282E-1,
2735.000,3.11307549E-1,
2736.000,3.10978234E-1,
2737.000,3.10649157E-1,
2738.000,3.10320526E-1,
2739.000,3.09992284E-1,
2740.00,3.09664369E-1,
2741.000,3.09336811E-1,
2742.000,3.09009582E-1,
2743.000,3.08682770E-1,
2744.000,3.08356345E-1,
2745.000,3.08030218E-1,
2746.000,3.07704449E-1,
2747.000,3.07379067E-1,
2748.000,3.07054043E-1,
2749.000,3.06729376E-1,
2750.00,3.06405038E-1,
2751.000,3.06081027E-1,
2752.000,3.05757523E-1,
2753.000,3.05434197E-1,
2754.000,3.05111349E-1,
2755.000,3.04788738E-1,
2756.000,3.04466605E-1,
2757.000,3.04144800E-1,
2758.000,3.03823203E-1,
2759.000,3.03502113E-1,
2760.00,3.03181380E-1,
2761.000,3.02860945E-1,
2762.000,3.02540809E-1,
2763.000,3.02221090E-1,
2764.000,3.01901728E-1,
2765.000,3.01582754E-1,
2766.000,3.01264107E-1,
2767.000,3.00945759E-1,
2768.000,3.00627828E-1,
2769.000,3.00310194E-1,
2770.00,2.99992979E-1,
2771.000,2.99676061E-1,
2772.000,2.99359411E-1,
2773.000,2.99043328E-1,
2774.000,2.98727363E-1,
2775.000,2.98411846E-1,
2776.000,2.98096716E-1,
2777.000,2.97781885E-1,
2778.000,2.97467351E-1,
2779.000,2.97153234E-1,
2780.00,2.96839505E-1,
2781.000,2.96526074E-1,
2782.000,2.96212971E-1,
2783.000,2.95900255E-1,
2784.000,2.95587808E-1,
2785.000,2.95275778E-1,
2786.000,2.94964105E-1,
2787.000,2.94652700E-1,
2788.000,2.94341713E-1,
2789.000,2.94031084E-1,
2790.00,2.93720752E-1,
2791.000,2.93410748E-1,
2792.000,2.93101132E-1,
2793.000,2.92791754E-1,
2794.000,2.92482883E-1,
2795.000,2.92174250E-1,
2796.000,2.91865915E-1,
2797.000,2.91557997E-1,
2798.000,2.91250467E-1,
2799.000,2.90943146E-1,
2800.00,2.90636212E-1,
2801.000,2.90329695E-1,
2802.000,2.90023476E-1,
2803.000,2.89717555E-1,
2804.000,2.89412022E-1,
2805.000,2.89106786E-1,
2806.000,2.88801879E-1,
2807.000,2.88497359E-1,
2808.000,2.88193077E-1,
2809.000,2.87889272E-1,
2810.00,2.87585795E-1,
2811.000,2.87282556E-1,
2812.000,2.86979735E-1,
2813.000,2.86677182E-1,
2814.000,2.86374986E-1,
2815.000,2.86073178E-1,
2816.000,2.85771668E-1,
2817.000,2.85470426E-1,
2818.000,2.85169601E-1,
2819.000,2.84869075E-1,
2820.00,2.84568995E-1,
2821.000,2.84269065E-1,
2822.000,2.83969492E-1,
2823.000,2.83670396E-1,
2824.000,2.83371598E-1,
2825.000,2.83073068E-1,
2826.000,2.82774836E-1,
2827.000,2.82476991E-1,
2828.000,2.82179505E-1,
2829.000,2.81882316E-1,
2830.00,2.81585455E-1,
2831.000,2.81288952E-1,
2832.000,2.80992717E-1,
2833.000,2.80696839E-1,
2834.000,2.80401289E-1,
2835.000,2.80106068E-1,
2836.000,2.79811144E-1,
2837.000,2.79516637E-1,
2838.000,2.79222459E-1,
2839.000,2.78928518E-1,
2840.00,2.78634965E-1,
2841.000,2.78341681E-1,
2842.000,2.78048724E-1,
2843.000,2.77756125E-1,
2844.000,2.77463913E-1,
2845.000,2.77171999E-1,
2846.000,2.76880383E-1,
2847.000,2.76589066E-1,
2848.000,2.76298076E-1,
2849.000,2.76007444E-1,
2850.00,2.75717109E-1,
2851.000,2.75427103E-1,
2852.000,2.75137484E-1,
2853.000,2.74848044E-1,
2854.000,2.74559051E-1,
2855.000,2.74270326E-1,
2856.000,2.73981988E-1,
2857.000,2.73693889E-1,
2858.000,2.73406178E-1,
2859.000,2.73118764E-1,
2860.00,2.72831649E-1,
2861.000,2.72544831E-1,
2862.000,2.72258401E-1,
2863.000,2.71972179E-1,
2864.000,2.71686405E-1,
2865.000,2.71400958E-1,
2866.000,2.71115750E-1,
2867.000,2.70830840E-1,
2868.000,2.70546317E-1,
2869.000,2.70262122E-1,
2870.00,2.69978225E-1,
2871.000,2.69694597E-1,
2872.000,2.69411266E-1,
2873.000,2.69128352E-1,
2874.000,2.68845737E-1,
2875.000,2.68563330E-1,
2876.000,2.68281311E-1,
2877.000,2.67999619E-1,
2878.000,2.67718256E-1,
2879.000,2.67437190E-1,
2880.00,2.67156452E-1,
2881.000,2.66875923E-1,
2882.000,2.66595811E-1,
2883.000,2.66316026E-1,
2884.000,2.66036510E-1,
2885.000,2.65757293E-1,
2886.000,2.65478462E-1,
2887.000,2.65199870E-1,
2888.000,2.64921665E-1,
2889.000,2.64643639E-1,
2890.00,2.64366060E-1,
2891.000,2.64088720E-1,
2892.000,2.63811707E-1,
2893.000,2.63534993E-1,
2894.000,2.63258576E-1,
2895.000,2.62982577E-1,
2896.000,2.62706757E-1,
2897.000,2.62431264E-1,
2898.000,2.62156159E-1,
2899.000,2.61881232E-1,
2900.00,2.61606723E-1,
2901.000,2.61332512E-1,
2902.000,2.61058599E-1,
2903.000,2.60784984E-1,
2904.000,2.60511667E-1,
2905.000,2.60238677E-1,
2906.000,2.59965956E-1,
2907.000,2.59693533E-1,
2908.000,2.59421468E-1,
2909.000,2.59149641E-1,
2910.00,2.58878112E-1,
2911.000,2.58607030E-1,
2912.000,2.58336097E-1,
2913.000,2.58065522E-1,
2914.000,2.57795274E-1,
2915.000,2.57525295E-1,
2916.000,2.57255673E-1,
2917.000,2.56986260E-1,
2918.000,2.56717265E-1,
2919.000,2.56448448E-1,
2920.00,2.56180048E-1,
2921.000,2.55911827E-1,
2922.000,2.55643994E-1,
2923.000,2.55376428E-1,
2924.000,2.55109191E-1,
2925.000,2.54842222E-1,
2926.000,2.54575580E-1,
2927.000,2.54309207E-1,
2928.000,2.54043192E-1,
2929.000,2.53777355E-1,
2930.00,2.53511965E-1,
2931.000,2.53246754E-1,
2932.000,2.52981961E-1,
2933.000,2.52717346E-1,
2934.000,2.52453148E-1,
2935.000,2.52189130E-1,
2936.000,2.51925409E-1,
2937.000,2.51662135E-1,
2938.000,2.51399010E-1,
2939.000,2.51136214E-1,
2940.00,2.50873744E-1,
2941.000,2.50611514E-1,
2942.000,2.50349581E-1,
2943.000,2.50087976E-1,
2944.000,2.49826685E-1,
2945.000,2.49565691E-1,
2946.000,2.49304876E-1,
2947.000,2.49044463E-1,
2948.000,2.48784363E-1,
2949.000,2.48524457E-1,
2950.00,2.48264953E-1,
2951.000,2.48005643E-1,
2952.000,2.47746646E-1,
2953.000,2.47487947E-1,
2954.000,2.47229636E-1,
2955.000,2.46971533E-1,
2956.000,2.46713623E-1,
2957.000,2.46456131E-1,
2958.000,2.46198922E-1,
2959.000,2.45941922E-1,
2960.00,2.45685309E-1,
2961.000,2.45428905E-1,
2962.000,2.45172799E-1,
2963.000,2.44917095E-1,
2964.000,2.44661614E-1,
2965.000,2.44406313E-1,
2966.000,2.44151399E-1,
2967.000,2.43896797E-1,
2968.000,2.43642390E-1,
2969.000,2.43388295E-1,
2970.00,2.43134588E-1,
2971.000,2.42881089E-1,
2972.000,2.42627785E-1,
2973.000,2.42374882E-1,
2974.000,2.42122263E-1,
2975.000,2.41869882E-1,
2976.000,2.41617769E-1,
2977.000,2.41365969E-1,
2978.000,2.41114482E-1,
2979.000,2.40863279E-1,
2980.00,2.40612373E-1,
2981.000,2.40361676E-1,
2982.000,2.40111262E-1,
2983.000,2.39861175E-1,
2984.000,2.39611387E-1,
2985.000,2.39361867E-1,
2986.000,2.39112571E-1,
2987.000,2.38863677E-1,
2988.000,2.38614962E-1,
2989.000,2.38366485E-1,
2990.00,2.38118365E-1,
2991.000,2.37870574E-1,
2992.000,2.37622976E-1,
2993.000,2.37375662E-1,
2994.000,2.37128675E-1,
2995.000,2.36881882E-1,
2996.000,2.36635476E-1,
2997.000,2.36389279E-1,
2998.000,2.36143366E-1,
2999.000,2.35897660E-1,
3000.00,2.35652372E-1,
