Labels,D data_N11P_Feb2020,
200.00,4.36850309E-1,
201.00,4.53762293E-1,
202.00,4.70731497E-1,
203.00,4.87805307E-1,
204.00,5.05047023E-1,
205.00,5.22485018E-1,
206.00,5.40088177E-1,
207.00,5.57805598E-1,
208.00,5.75513721E-1,
209.00,5.93036175E-1,
210.00,6.10146523E-1,
211.00,6.26606405E-1,
212.00,6.42176211E-1,
213.00,6.56656981E-1,
214.00,6.69957578E-1,
215.00,6.82092309E-1,
216.00,6.93152428E-1,
217.00,7.03298271E-1,
218.00,7.12710023E-1,
219.00,7.21600294E-1,
220.00,7.30213106E-1,
221.00,7.38817871E-1,
222.00,7.47683585E-1,
223.00,7.57063329E-1,
224.00,7.67211795E-1,
225.00,7.78345704E-1,
226.00,7.90604591E-1,
227.00,8.04028690E-1,
228.00,8.18552017E-1,
229.00,8.34015727E-1,
230.00,8.50191176E-1,
231.00,8.66788685E-1,
232.00,8.83469284E-1,
233.00,8.99871886E-1,
234.00,9.15645480E-1,
235.00,9.30485785E-1,
236.00,9.44137275E-1,
237.00,9.56409574E-1,
238.00,9.67156172E-1,
239.00,9.76285696E-1,
240.00,9.83769000E-1,
241.00,9.89629388E-1,
242.00,9.93927777E-1,
243.00,9.96752083E-1,
244.00,9.98197615E-1,
245.00,9.98372674E-1,
246.00,9.97401476E-1,
247.00,9.95415986E-1,
248.00,9.92548108E-1,
249.00,9.88920689E-1,
250.00,9.84648108E-1,
251.00,9.79835689E-1,
252.00,9.74569798E-1,
253.00,9.68919575E-1,
254.00,9.62947011E-1,
255.00,9.56723273E-1,
256.00,9.50323224E-1,
257.00,9.43827093E-1,
258.00,9.37307596E-1,
259.00,9.30828393E-1,
260.00,9.24426377E-1,
261.00,9.18105423E-1,
262.00,9.11836505E-1,
263.00,9.05577719E-1,
264.00,8.99294019E-1,
265.00,8.92975509E-1,
266.00,8.86651397E-1,
267.00,8.80389214E-1,
268.00,8.74276996E-1,
269.00,8.68421674E-1,
270.00,8.62934113E-1,
271.00,8.57914805E-1,
272.00,8.53456795E-1,
273.00,8.49640310E-1,
274.00,8.46517682E-1,
275.00,8.44109714E-1,
276.00,8.42411697E-1,
277.00,8.41402292E-1,
278.00,8.41029525E-1,
279.00,8.41213882E-1,
280.00,8.41859102E-1,
281.00,8.42863321E-1,
282.00,8.44130397E-1,
283.00,8.45574319E-1,
284.00,8.47127795E-1,
285.00,8.48740816E-1,
286.00,8.50388825E-1,
287.00,8.52064490E-1,
288.00,8.53771806E-1,
289.00,8.55527699E-1,
290.00,8.57352793E-1,
291.00,8.59269619E-1,
292.00,8.61291289E-1,
293.00,8.63426089E-1,
294.00,8.65675390E-1,
295.00,8.68033826E-1,
296.00,8.70490789E-1,
297.00,8.73028696E-1,
298.00,8.75622392E-1,
299.00,8.78234506E-1,
300.00,8.80818605E-1,
301.00,8.83324027E-1,
302.00,8.85698080E-1,
303.00,8.87887478E-1,
304.00,8.89848292E-1,
305.00,8.91556978E-1,
306.00,8.93006980E-1,
307.00,8.94200802E-1,
308.00,8.95157874E-1,
309.00,8.95937324E-1,
310.00,8.96629930E-1,
311.00,8.97360504E-1,
312.00,8.98287892E-1,
313.00,8.99578810E-1,
314.00,9.01399195E-1,
315.00,9.03897226E-1,
316.00,9.07193720E-1,
317.00,9.11370099E-1,
318.00,9.16444004E-1,
319.00,9.22340393E-1,
320.00,9.28894997E-1,
321.00,9.35892105E-1,
322.00,9.43109989E-1,
323.00,9.50344026E-1,
324.00,9.57408011E-1,
325.00,9.64122891E-1,
326.00,9.70318079E-1,
327.00,9.75856721E-1,
328.00,9.80656087E-1,
329.00,9.84704077E-1,
330.00,9.88042176E-1,
331.00,9.90744174E-1,
332.00,9.92891788E-1,
333.00,9.94551480E-1,
334.00,9.95755076E-1,
335.00,9.96508420E-1,
336.00,9.96797502E-1,
337.00,9.96611476E-1,
338.00,9.95947719E-1,
339.00,9.94814694E-1,
340.00,9.93222892E-1,
341.00,9.91173625E-1,
342.00,9.88668919E-1,
343.00,9.85729992E-1,
344.00,9.82390702E-1,
345.00,9.78694022E-1,
346.00,9.74706471E-1,
347.00,9.70510900E-1,
348.00,9.66196120E-1,
349.00,9.61840391E-1,
350.00,9.57502306E-1,
351.00,9.53489602E-1,
352.00,9.49477077E-1,
353.00,9.45464194E-1,
354.00,9.41450298E-1,
355.00,9.37435091E-1,
356.00,9.33417737E-1,
357.00,9.29397345E-1,
358.00,9.25373375E-1,
359.00,9.21344936E-1,
360.00,9.17311311E-1,
361.00,9.13271248E-1,
362.00,9.09224093E-1,
363.00,9.05168712E-1,
364.00,9.01103914E-1,
365.00,8.97028685E-1,
366.00,8.92941356E-1,
367.00,8.88840318E-1,
368.00,8.84723186E-1,
369.00,8.80586207E-1,
370.00,8.76424670E-1,
371.00,8.72233152E-1,
372.00,8.68005693E-1,
373.00,8.63737345E-1,
374.00,8.59423578E-1,
375.00,8.55061293E-1,
376.00,8.50648701E-1,
377.00,8.46186340E-1,
378.00,8.41675818E-1,
379.00,8.37119102E-1,
380.00,8.32518518E-1,
381.00,8.27875793E-1,
382.00,8.23194027E-1,
383.00,8.18476140E-1,
384.00,8.13726127E-1,
385.00,8.08947563E-1,
386.00,8.04144442E-1,
387.00,7.99320459E-1,
388.00,7.94478893E-1,
389.00,7.89622426E-1,
390.00,7.84754097E-1,
391.00,7.79876888E-1,
392.00,7.74993241E-1,
393.00,7.70105362E-1,
394.00,7.65214682E-1,
395.00,7.60322571E-1,
396.00,7.55430877E-1,
397.00,7.50540614E-1,
398.00,7.45652199E-1,
399.00,7.40765214E-1,
400.00,7.35878646E-1,
