Labels,T2 data_interpolated up to 2500,
300.00,3.22372071E-4,
301.00,3.38940852E-4,
302.00,3.56181496E-4,
303.00,3.74129799E-4,
304.00,3.92816262E-4,
305.00,4.12268331E-4,
306.00,4.32508590E-4,
307.00,4.53554880E-4,
308.00,4.75423672E-4,
309.00,4.98137670E-4,
310.00,5.21716196E-4,
311.00,5.46183379E-4,
312.00,5.71565179E-4,
313.00,5.97885926E-4,
314.00,6.25170826E-4,
315.00,6.53437863E-4,
316.00,6.82701590E-4,
317.00,7.12984183E-4,
318.00,7.44313351E-4,
319.00,7.76718312E-4,
320.00,8.10233236E-4,
321.00,8.44900205E-4,
322.00,8.80762993E-4,
323.00,9.17865487E-4,
324.00,9.56244476E-4,
325.00,9.95932380E-4,
326.00,1.03695714E-3,
327.00,1.07934489E-3,
328.00,1.12311728E-3,
329.00,1.16829993E-3,
330.00,1.21492508E-3,
331.00,1.26303243E-3,
332.00,1.31267356E-3,
333.00,1.36390631E-3,
334.00,1.41679717E-3,
335.00,1.47141039E-3,
336.00,1.52779708E-3,
337.00,1.58600544E-3,
338.00,1.64608064E-3,
339.00,1.70807075E-3,
340.00,1.77202502E-3,
341.00,1.83798466E-3,
342.00,1.90599239E-3,
343.00,1.97610166E-3,
344.00,2.04836484E-3,
345.00,2.12284387E-3,
346.00,2.19960255E-3,
347.00,2.27869558E-3,
348.00,2.36017280E-3,
349.00,2.44408916E-3,
350.00,2.53051450E-3,
351.00,2.61953031E-3,
352.00,2.71122367E-3,
353.00,2.80567841E-3,
354.00,2.90296879E-3,
355.00,3.00315162E-3,
356.00,3.10627045E-3,
357.00,3.21236812E-3,
358.00,3.32148653E-3,
359.00,3.43365525E-3,
360.00,3.54889827E-3,
361.00,3.66724073E-3,
362.00,3.78870638E-3,
363.00,3.91331455E-3,
364.00,4.04106872E-3,
365.00,4.17195074E-3,
366.00,4.30591777E-3,
367.00,4.44292044E-3,
368.00,4.58290055E-3,
369.00,4.72580222E-3,
370.00,4.87156305E-3,
371.00,5.02012577E-3,
372.00,5.17143542E-3,
373.00,5.32543426E-3,
374.00,5.48205152E-3,
375.00,5.64121548E-3,
376.00,5.80286607E-3,
377.00,5.96696418E-3,
378.00,6.13348000E-3,
379.00,6.30237861E-3,
380.00,6.47364743E-3,
381.00,6.64729252E-3,
382.00,6.82333810E-3,
383.00,7.00182933E-3,
384.00,7.18282023E-3,
385.00,7.36639695E-3,
386.00,7.55265215E-3,
387.00,7.74168735E-3,
388.00,7.93360360E-3,
389.00,8.12851544E-3,
390.00,8.32654908E-3,
391.00,8.52783211E-3,
392.00,8.73250049E-3,
393.00,8.94068368E-3,
394.00,9.15249623E-3,
395.00,9.36806016E-3,
396.00,9.58748069E-3,
397.00,9.81085934E-3,
398.00,1.00383032E-2,
399.00,1.02699259E-2,
400.00,1.05058411E-2,
401.00,1.07461736E-2,
402.00,1.09910378E-2,
403.00,1.12405354E-2,
404.00,1.14947753E-2,
405.00,1.17538506E-2,
406.00,1.20178517E-2,
407.00,1.22868745E-2,
408.00,1.25610139E-2,
409.00,1.28403557E-2,
410.00,1.31249884E-2,
411.00,1.34150023E-2,
412.00,1.37104746E-2,
413.00,1.40114622E-2,
414.00,1.43179828E-2,
415.00,1.46300327E-2,
416.00,1.49476146E-2,
417.00,1.52707361E-2,
418.00,1.55993961E-2,
419.00,1.59335751E-2,
420.00,1.62732545E-2,
421.00,1.66184064E-2,
422.00,1.69689991E-2,
423.00,1.73250139E-2,
424.00,1.76864136E-2,
425.00,1.80531591E-2,
426.00,1.84251815E-2,
427.00,1.88024156E-2,
428.00,1.91848036E-2,
429.00,1.95722561E-2,
430.00,1.99646540E-2,
431.00,2.03618817E-2,
432.00,2.07638331E-2,
433.00,2.11703908E-2,
434.00,2.15814579E-2,
435.00,2.19969247E-2,
436.00,2.24166960E-2,
437.00,2.28407271E-2,
438.00,2.32690237E-2,
439.00,2.37015691E-2,
440.00,2.41383333E-2,
441.00,2.45793257E-2,
442.00,2.50246227E-2,
443.00,2.54743081E-2,
444.00,2.59284824E-2,
445.00,2.63872314E-2,
446.00,2.68506762E-2,
447.00,2.73189694E-2,
448.00,2.77922470E-2,
449.00,2.82706395E-2,
450.00,2.87542380E-2,
451.00,2.92431135E-2,
452.00,2.97372993E-2,
453.00,3.02368347E-2,
454.00,3.07417605E-2,
455.00,3.12520899E-2,
456.00,3.17678526E-2,
457.00,3.22890542E-2,
458.00,3.28156874E-2,
459.00,3.33477408E-2,
460.00,3.38852368E-2,
461.00,3.44281681E-2,
462.00,3.49765234E-2,
463.00,3.55303213E-2,
464.00,3.60895805E-2,
465.00,3.66542973E-2,
466.00,3.72244567E-2,
467.00,3.78000624E-2,
468.00,3.83811146E-2,
469.00,3.89675498E-2,
470.00,3.95592973E-2,
471.00,4.01563309E-2,
472.00,4.07586992E-2,
473.00,4.13664989E-2,
474.00,4.19798605E-2,
475.00,4.25989367E-2,
476.00,4.32238765E-2,
477.00,4.38548736E-2,
478.00,4.44920994E-2,
479.00,4.51357327E-2,
480.00,4.57859337E-2,
481.00,4.64429073E-2,
482.00,4.71067913E-2,
483.00,4.77775671E-2,
484.00,4.84552197E-2,
485.00,4.91397642E-2,
486.00,4.98311892E-2,
487.00,5.05294055E-2,
488.00,5.12342565E-2,
489.00,5.19456156E-2,
490.00,5.26633561E-2,
491.00,5.33873625E-2,
492.00,5.41175306E-2,
493.00,5.48537448E-2,
494.00,5.55960052E-2,
495.00,5.63443154E-2,
496.00,5.70987873E-2,
497.00,5.78595102E-2,
498.00,5.86265586E-2,
499.00,5.93999028E-2,
500.00,6.01795129E-2,
501.00,6.09653629E-2,
502.00,6.17573969E-2,
503.00,6.25554919E-2,
504.00,6.33595958E-2,
505.00,6.41696528E-2,
506.00,6.49856031E-2,
507.00,6.58074245E-2,
508.00,6.66350871E-2,
509.00,6.74684644E-2,
510.00,6.83074519E-2,
511.00,6.91519603E-2,
512.00,7.00018778E-2,
513.00,7.08571896E-2,
514.00,7.17179105E-2,
515.00,7.25839883E-2,
516.00,7.34553859E-2,
517.00,7.43320435E-2,
518.00,7.52139241E-2,
519.00,7.61010647E-2,
520.00,7.69935399E-2,
521.00,7.78914094E-2,
522.00,7.87948444E-2,
523.00,7.97040910E-2,
524.00,8.06194097E-2,
525.00,8.15410465E-2,
526.00,8.24692696E-2,
527.00,8.34042951E-2,
528.00,8.43462422E-2,
529.00,8.52951035E-2,
530.00,8.62507895E-2,
531.00,8.72131884E-2,
532.00,8.81820545E-2,
533.00,8.91572684E-2,
534.00,9.01387706E-2,
535.00,9.11263674E-2,
536.00,9.21199620E-2,
537.00,9.31195393E-2,
538.00,9.41250846E-2,
539.00,9.51363891E-2,
540.00,9.61533636E-2,
541.00,9.71760005E-2,
542.00,9.82043445E-2,
543.00,9.92381573E-2,
544.00,1.00277409E-1,
545.00,1.01322129E-1,
546.00,1.02372408E-1,
547.00,1.03428341E-1,
548.00,1.04489975E-1,
549.00,1.05557315E-1,
550.00,1.06630191E-1,
551.00,1.07708514E-1,
552.00,1.08792283E-1,
553.00,1.09881416E-1,
554.00,1.10975794E-1,
555.00,1.12075299E-1,
556.00,1.13179907E-1,
557.00,1.14289612E-1,
558.00,1.15404449E-1,
559.00,1.16524510E-1,
560.00,1.17650114E-1,
561.00,1.18781477E-1,
562.00,1.19918719E-1,
563.00,1.21062167E-1,
564.00,1.22212246E-1,
565.00,1.23369321E-1,
566.00,1.24533609E-1,
567.00,1.25705272E-1,
568.00,1.26884505E-1,
569.00,1.28071606E-1,
570.00,1.29266813E-1,
571.00,1.30470112E-1,
572.00,1.31681368E-1,
573.00,1.32900327E-1,
574.00,1.34126872E-1,
575.00,1.35360897E-1,
576.00,1.36602432E-1,
577.00,1.37851506E-1,
578.00,1.39108062E-1,
579.00,1.40372112E-1,
580.00,1.41643479E-1,
581.00,1.42921850E-1,
582.00,1.44206926E-1,
583.00,1.45498320E-1,
584.00,1.46795586E-1,
585.00,1.48098364E-1,
586.00,1.49406418E-1,
587.00,1.50719166E-1,
588.00,1.52035981E-1,
589.00,1.53356344E-1,
590.00,1.54679805E-1,
591.00,1.56005949E-1,
592.00,1.57334462E-1,
593.00,1.58665165E-1,
594.00,1.59998059E-1,
595.00,1.61333069E-1,
596.00,1.62670314E-1,
597.00,1.64010197E-1,
598.00,1.65353164E-1,
599.00,1.66699737E-1,
600.00,1.68050557E-1,
601.00,1.69406027E-1,
602.00,1.70766130E-1,
603.00,1.72130808E-1,
604.00,1.73500031E-1,
605.00,1.74873576E-1,
606.00,1.76251173E-1,
607.00,1.77632824E-1,
608.00,1.79018974E-1,
609.00,1.80409864E-1,
610.00,1.81805775E-1,
611.00,1.83207169E-1,
612.00,1.84614912E-1,
613.00,1.86029211E-1,
614.00,1.87450215E-1,
615.00,1.88878283E-1,
616.00,1.90313756E-1,
617.00,1.91756725E-1,
618.00,1.93207085E-1,
619.00,1.94664389E-1,
620.00,1.96127996E-1,
621.00,1.97596893E-1,
622.00,1.99069783E-1,
623.00,2.00546041E-1,
624.00,2.02025250E-1,
625.00,2.03507587E-1,
626.00,2.04993233E-1,
627.00,2.06482321E-1,
628.00,2.07975179E-1,
629.00,2.09472150E-1,
630.00,2.10973337E-1,
631.00,2.12478727E-1,
632.00,2.13988170E-1,
633.00,2.15501726E-1,
634.00,2.17019349E-1,
635.00,2.18541086E-1,
636.00,2.20067352E-1,
637.00,2.21598640E-1,
638.00,2.23135650E-1,
639.00,2.24678770E-1,
640.00,2.26228371E-1,
641.00,2.27784485E-1,
642.00,2.29347125E-1,
643.00,2.30916262E-1,
644.00,2.32491955E-1,
645.00,2.34074399E-1,
646.00,2.35664010E-1,
647.00,2.37261310E-1,
648.00,2.38866940E-1,
649.00,2.40481600E-1,
650.00,2.42105857E-1,
651.00,2.43740141E-1,
652.00,2.45384738E-1,
653.00,2.47040063E-1,
654.00,2.48706743E-1,
655.00,2.50385731E-1,
656.00,2.52077937E-1,
657.00,2.53783852E-1,
658.00,2.55503446E-1,
659.00,2.57236779E-1,
660.00,2.58984089E-1,
661.00,2.60745674E-1,
662.00,2.62522101E-1,
663.00,2.64314085E-1,
664.00,2.66122639E-1,
665.00,2.67948508E-1,
666.00,2.69792408E-1,
667.00,2.71655291E-1,
668.00,2.73537844E-1,
669.00,2.75440514E-1,
670.00,2.77363360E-1,
671.00,2.79306114E-1,
672.00,2.81268537E-1,
673.00,2.83250242E-1,
674.00,2.85250872E-1,
675.00,2.87270099E-1,
676.00,2.89307415E-1,
677.00,2.91362256E-1,
678.00,2.93433964E-1,
679.00,2.95521885E-1,
680.00,2.97625422E-1,
681.00,2.99744368E-1,
682.00,3.01878899E-1,
683.00,3.04029554E-1,
684.00,3.06196511E-1,
685.00,3.08379889E-1,
686.00,3.10579866E-1,
687.00,3.12796563E-1,
688.00,3.15030247E-1,
689.00,3.17280769E-1,
690.00,3.19547445E-1,
691.00,3.21829498E-1,
692.00,3.24126065E-1,
693.00,3.26435745E-1,
694.00,3.28756720E-1,
695.00,3.31087321E-1,
696.00,3.33426416E-1,
697.00,3.35772932E-1,
698.00,3.38125557E-1,
699.00,3.40483248E-1,
700.00,3.42845082E-1,
701.00,3.45210105E-1,
702.00,3.47577631E-1,
703.00,3.49947125E-1,
704.00,3.52317959E-1,
705.00,3.54689568E-1,
706.00,3.57061803E-1,
707.00,3.59434783E-1,
708.00,3.61808002E-1,
709.00,3.64180654E-1,
710.00,3.66551131E-1,
711.00,3.68917853E-1,
712.00,3.71278495E-1,
713.00,3.73630852E-1,
714.00,3.75973016E-1,
715.00,3.78303707E-1,
716.00,3.80621463E-1,
717.00,3.82925600E-1,
718.00,3.85215878E-1,
719.00,3.87492657E-1,
720.00,3.89756262E-1,
721.00,3.92007321E-1,
722.00,3.94246131E-1,
723.00,3.96473497E-1,
724.00,3.98690194E-1,
725.00,4.00897324E-1,
726.00,4.03095335E-1,
727.00,4.05284703E-1,
728.00,4.07465667E-1,
729.00,4.09639001E-1,
730.00,4.11806017E-1,
731.00,4.13968027E-1,
732.00,4.16125923E-1,
733.00,4.18280154E-1,
734.00,4.20431077E-1,
735.00,4.22579169E-1,
736.00,4.24724191E-1,
737.00,4.26865190E-1,
738.00,4.29001242E-1,
739.00,4.31130767E-1,
740.00,4.33252692E-1,
741.00,4.35366720E-1,
742.00,4.37472552E-1,
743.00,4.39569235E-1,
744.00,4.41655725E-1,
745.00,4.43731606E-1,
746.00,4.45797265E-1,
747.00,4.47853148E-1,
748.00,4.49898243E-1,
749.00,4.51931119E-1,
750.00,4.53950614E-1,
751.00,4.55955803E-1,
752.00,4.57946062E-1,
753.00,4.59921122E-1,
754.00,4.61881787E-1,
755.00,4.63828683E-1,
756.00,4.65763539E-1,
757.00,4.67688382E-1,
758.00,4.69605833E-1,
759.00,4.71517324E-1,
760.00,4.73422825E-1,
761.00,4.75321263E-1,
762.00,4.77212250E-1,
763.00,4.79095370E-1,
764.00,4.80969429E-1,
765.00,4.82832730E-1,
766.00,4.84684825E-1,
767.00,4.86527175E-1,
768.00,4.88361835E-1,
769.00,4.90192592E-1,
770.00,4.92024094E-1,
771.00,4.93860155E-1,
772.00,4.95703250E-1,
773.00,4.97554362E-1,
774.00,4.99413162E-1,
775.00,5.01278341E-1,
776.00,5.03148019E-1,
777.00,5.05020380E-1,
778.00,5.06892443E-1,
779.00,5.08761823E-1,
780.00,5.10625660E-1,
781.00,5.12481272E-1,
782.00,5.14325619E-1,
783.00,5.16156077E-1,
784.00,5.17970502E-1,
785.00,5.19767404E-1,
786.00,5.21546245E-1,
787.00,5.23306489E-1,
788.00,5.25047898E-1,
789.00,5.26770890E-1,
790.00,5.28478086E-1,
791.00,5.30172765E-1,
792.00,5.31856835E-1,
793.00,5.33531129E-1,
794.00,5.35197437E-1,
795.00,5.36859453E-1,
796.00,5.38522899E-1,
797.00,5.40194213E-1,
798.00,5.41879296E-1,
799.00,5.43581486E-1,
800.00,5.45302093E-1,
801.00,5.47040462E-1,
802.00,5.48794925E-1,
803.00,5.50562143E-1,
804.00,5.52338243E-1,
805.00,5.54119289E-1,
806.00,5.55900812E-1,
807.00,5.57677209E-1,
808.00,5.59442103E-1,
809.00,5.61189830E-1,
810.00,5.62916279E-1,
811.00,5.64618766E-1,
812.00,5.66296458E-1,
813.00,5.67948043E-1,
814.00,5.69572210E-1,
815.00,5.71169674E-1,
816.00,5.72743773E-1,
817.00,5.74298739E-1,
818.00,5.75839937E-1,
819.00,5.77371836E-1,
820.00,5.78896761E-1,
821.00,5.80416203E-1,
822.00,5.81931174E-1,
823.00,5.83442628E-1,
824.00,5.84951460E-1,
825.00,5.86459935E-1,
826.00,5.87971985E-1,
827.00,5.89491665E-1,
828.00,5.91022253E-1,
829.00,5.92566609E-1,
830.00,5.94125867E-1,
831.00,5.95699787E-1,
832.00,5.97286463E-1,
833.00,5.98884046E-1,
834.00,6.00492120E-1,
835.00,6.02110803E-1,
836.00,6.03739142E-1,
837.00,6.05376303E-1,
838.00,6.07021272E-1,
839.00,6.08671427E-1,
840.00,6.10325098E-1,
841.00,6.11980140E-1,
842.00,6.13634646E-1,
843.00,6.15287602E-1,
844.00,6.16939664E-1,
845.00,6.18592560E-1,
846.00,6.20249450E-1,
847.00,6.21913791E-1,
848.00,6.23588383E-1,
849.00,6.25274539E-1,
850.00,6.26972854E-1,
851.00,6.28683805E-1,
852.00,6.30406976E-1,
853.00,6.32141709E-1,
854.00,6.33887887E-1,
855.00,6.35644078E-1,
856.00,6.37409687E-1,
857.00,6.39185905E-1,
858.00,6.40972316E-1,
859.00,6.42766416E-1,
860.00,6.44563913E-1,
861.00,6.46360755E-1,
862.00,6.48151577E-1,
863.00,6.49932504E-1,
864.00,6.51701212E-1,
865.00,6.53456032E-1,
866.00,6.55195773E-1,
867.00,6.56921566E-1,
868.00,6.58634305E-1,
869.00,6.60333216E-1,
870.00,6.62016809E-1,
871.00,6.63683534E-1,
872.00,6.65333927E-1,
873.00,6.66970611E-1,
874.00,6.68599367E-1,
875.00,6.70226097E-1,
876.00,6.71855927E-1,
877.00,6.73493266E-1,
878.00,6.75141037E-1,
879.00,6.76800370E-1,
880.00,6.78470612E-1,
881.00,6.80149972E-1,
882.00,6.81836724E-1,
883.00,6.83529496E-1,
884.00,6.85227215E-1,
885.00,6.86927855E-1,
886.00,6.88629687E-1,
887.00,6.90329492E-1,
888.00,6.92024231E-1,
889.00,6.93711638E-1,
890.00,6.95389748E-1,
891.00,6.97058022E-1,
892.00,6.98717594E-1,
893.00,7.00369656E-1,
894.00,7.02015102E-1,
895.00,7.03653455E-1,
896.00,7.05283165E-1,
897.00,7.06900775E-1,
898.00,7.08503187E-1,
899.00,7.10088015E-1,
900.00,7.11654246E-1,
901.00,7.13201523E-1,
902.00,7.14731455E-1,
903.00,7.16245651E-1,
904.00,7.17746735E-1,
905.00,7.19238400E-1,
906.00,7.20724761E-1,
907.00,7.22209811E-1,
908.00,7.23696947E-1,
909.00,7.25187957E-1,
910.00,7.26683676E-1,
911.00,7.28184938E-1,
912.00,7.29692221E-1,
913.00,7.31204450E-1,
914.00,7.32718885E-1,
915.00,7.34231055E-1,
916.00,7.35737562E-1,
917.00,7.37237632E-1,
918.00,7.38730788E-1,
919.00,7.40219414E-1,
920.00,7.41705120E-1,
921.00,7.43187845E-1,
922.00,7.44666576E-1,
923.00,7.46141315E-1,
924.00,7.47612119E-1,
925.00,7.49078333E-1,
926.00,7.50539958E-1,
927.00,7.51996219E-1,
928.00,7.53445923E-1,
929.00,7.54887700E-1,
930.00,7.56321192E-1,
931.00,7.57745922E-1,
932.00,7.59161830E-1,
933.00,7.60569155E-1,
934.00,7.61967182E-1,
935.00,7.63356030E-1,
936.00,7.64735997E-1,
937.00,7.66107082E-1,
938.00,7.67469406E-1,
939.00,7.68823981E-1,
940.00,7.70172119E-1,
941.00,7.71515667E-1,
942.00,7.72856414E-1,
943.00,7.74196327E-1,
944.00,7.75537491E-1,
945.00,7.76881218E-1,
946.00,7.78227568E-1,
947.00,7.79577553E-1,
948.00,7.80932367E-1,
949.00,7.82292724E-1,
950.00,7.83657134E-1,
951.00,7.85023630E-1,
952.00,7.86391139E-1,
953.00,7.87757218E-1,
954.00,7.89119184E-1,
955.00,7.90473104E-1,
956.00,7.91815162E-1,
957.00,7.93143034E-1,
958.00,7.94456482E-1,
959.00,7.95756340E-1,
960.00,7.97044396E-1,
961.00,7.98322201E-1,
962.00,7.99591601E-1,
963.00,8.00854802E-1,
964.00,8.02113414E-1,
965.00,8.03368688E-1,
966.00,8.04621458E-1,
967.00,8.05871487E-1,
968.00,8.07118058E-1,
969.00,8.08360636E-1,
970.00,8.09599996E-1,
971.00,8.10839534E-1,
972.00,8.12082708E-1,
973.00,8.13331485E-1,
974.00,8.14586699E-1,
975.00,8.15848410E-1,
976.00,8.17114770E-1,
977.00,8.18383574E-1,
978.00,8.19652796E-1,
979.00,8.20919812E-1,
980.00,8.22181463E-1,
981.00,8.23435426E-1,
982.00,8.24679732E-1,
983.00,8.25912714E-1,
984.00,8.27133834E-1,
985.00,8.28342080E-1,
986.00,8.29536676E-1,
987.00,8.30717981E-1,
988.00,8.31887364E-1,
989.00,8.33045900E-1,
990.00,8.34194243E-1,
991.00,8.35332990E-1,
992.00,8.36461604E-1,
993.00,8.37579489E-1,
994.00,8.38686109E-1,
995.00,8.39782417E-1,
996.00,8.40870142E-1,
997.00,8.41951072E-1,
998.00,8.43027771E-1,
999.00,8.44102383E-1,
1000.00,8.45176399E-1,
1001.000,8.46274436E-1,
1002.000,8.47368062E-1,
1003.000,8.48457456E-1,
1004.000,8.49542737E-1,
1005.000,8.50623965E-1,
1006.000,8.51701438E-1,
1007.000,8.52775156E-1,
1008.000,8.53845298E-1,
1009.000,8.54911864E-1,
1010.00,8.55975032E-1,
1011.000,8.57034743E-1,
1012.000,8.58091056E-1,
1013.000,8.59144032E-1,
1014.000,8.60193610E-1,
1015.000,8.61239910E-1,
1016.000,8.62282813E-1,
1017.000,8.63322318E-1,
1018.000,8.64358366E-1,
1019.000,8.65390956E-1,
1020.00,8.66420031E-1,
1021.000,8.67445588E-1,
1022.000,8.68467450E-1,
1023.000,8.69485676E-1,
1024.000,8.70500207E-1,
1025.000,8.71510983E-1,
1026.000,8.72518003E-1,
1027.000,8.73521149E-1,
1028.000,8.74520421E-1,
1029.000,8.75515819E-1,
1030.00,8.76507282E-1,
1031.000,8.77494872E-1,
1032.000,8.78478408E-1,
1033.000,8.79457951E-1,
1034.000,8.80433440E-1,
1035.000,8.81404996E-1,
1036.000,8.82372439E-1,
1037.000,8.83335769E-1,
1038.000,8.84295046E-1,
1039.000,8.85250270E-1,
1040.00,8.86201322E-1,
1041.000,8.87148321E-1,
1042.000,8.88091207E-1,
1043.000,8.89030099E-1,
1044.000,8.89964879E-1,
1045.000,8.90895605E-1,
1046.000,8.91822338E-1,
1047.000,8.92745197E-1,
1048.000,8.93664122E-1,
1049.000,8.94579232E-1,
1050.00,8.95490587E-1,
1051.000,8.96398306E-1,
1052.000,8.97302449E-1,
1053.000,8.98203075E-1,
1054.000,8.99100423E-1,
1055.000,8.99994493E-1,
1056.000,9.00885344E-1,
1057.000,9.01773214E-1,
1058.000,9.02658165E-1,
1059.000,9.03540254E-1,
1060.00,9.04419541E-1,
1061.000,9.05296206E-1,
1062.000,9.06170189E-1,
1063.000,9.07041550E-1,
1064.000,9.07910347E-1,
1065.000,9.08776522E-1,
1066.000,9.09640014E-1,
1067.000,9.10500884E-1,
1068.000,9.11358893E-1,
1069.000,9.12213981E-1,
1070.00,9.13066030E-1,
1071.000,9.13914859E-1,
1072.000,9.14760292E-1,
1073.000,9.15602148E-1,
1074.000,9.16440248E-1,
1075.000,9.17274296E-1,
1076.000,9.18104291E-1,
1077.000,9.18929815E-1,
1078.000,9.19750750E-1,
1079.000,9.20566976E-1,
1080.00,9.21378195E-1,
1081.000,9.22184408E-1,
1082.000,9.22985494E-1,
1083.000,9.23781157E-1,
1084.000,9.24571514E-1,
1085.000,9.25356507E-1,
1086.000,9.26135957E-1,
1087.000,9.26909983E-1,
1088.000,9.27678466E-1,
1089.000,9.28441525E-1,
1090.00,9.29199219E-1,
1091.000,9.29951489E-1,
1092.000,9.30698514E-1,
1093.000,9.31440294E-1,
1094.000,9.32176888E-1,
1095.000,9.32908535E-1,
1096.000,9.33635175E-1,
1097.000,9.34356987E-1,
1098.000,9.35074031E-1,
1099.000,9.35786426E-1,
1100.00,9.36494172E-1,
1101.000,9.37197566E-1,
1102.000,9.37896430E-1,
1103.000,9.38591003E-1,
1104.000,9.39281344E-1,
1105.000,9.39967453E-1,
1106.000,9.40649390E-1,
1107.000,9.41327214E-1,
1108.000,9.42000985E-1,
1109.000,9.42670584E-1,
1110.00,9.43336189E-1,
1111.000,9.43997622E-1,
1112.000,9.44655061E-1,
1113.000,9.45308268E-1,
1114.000,9.45957303E-1,
1115.000,9.46602106E-1,
1116.000,9.47242618E-1,
1117.000,9.47878659E-1,
1118.000,9.48510349E-1,
1119.000,9.49137330E-1,
1120.00,9.49759781E-1,
1121.000,9.50377345E-1,
1122.000,9.50990200E-1,
1123.000,9.51597989E-1,
1124.000,9.52200830E-1,
1125.000,9.52798545E-1,
1126.000,9.53391135E-1,
1127.000,9.53978419E-1,
1128.000,9.54560459E-1,
1129.000,9.55137134E-1,
1130.00,9.55708504E-1,
1131.000,9.56274450E-1,
1132.000,9.56835032E-1,
1133.000,9.57390249E-1,
1134.000,9.57939923E-1,
1135.000,9.58484292E-1,
1136.000,9.59023178E-1,
1137.000,9.59556699E-1,
1138.000,9.60084677E-1,
1139.000,9.60607290E-1,
1140.00,9.61124361E-1,
1141.000,9.61635828E-1,
1142.000,9.62141752E-1,
1143.000,9.62641954E-1,
1144.000,9.63136435E-1,
1145.000,9.63625193E-1,
1146.000,9.64107931E-1,
1147.000,9.64584827E-1,
1148.000,9.65055645E-1,
1149.000,9.65520263E-1,
1150.00,9.65978742E-1,
1151.000,9.66430843E-1,
1152.000,9.66876626E-1,
1153.000,9.67315912E-1,
1154.000,9.67748702E-1,
1155.000,9.68174934E-1,
1156.000,9.68594551E-1,
1157.000,9.69007552E-1,
1158.000,9.69413936E-1,
1159.000,9.69813704E-1,
1160.00,9.70206797E-1,
1161.000,9.70593512E-1,
1162.000,9.70973730E-1,
1163.000,9.71347570E-1,
1164.000,9.71715212E-1,
1165.000,9.72076833E-1,
1166.000,9.72432613E-1,
1167.000,9.72782671E-1,
1168.000,9.73127425E-1,
1169.000,9.73467052E-1,
1170.00,9.73801851E-1,
1171.000,9.74132121E-1,
1172.000,9.74458337E-1,
1173.000,9.74780798E-1,
1174.000,9.75099802E-1,
1175.000,9.75415707E-1,
1176.000,9.75728929E-1,
1177.000,9.76039886E-1,
1178.000,9.76348758E-1,
1179.000,9.76655960E-1,
1180.00,9.76961792E-1,
1181.000,9.77266490E-1,
1182.000,9.77570236E-1,
1183.000,9.77873206E-1,
1184.000,9.78175521E-1,
1185.000,9.78477299E-1,
1186.000,9.78778422E-1,
1187.000,9.79078829E-1,
1188.000,9.79378521E-1,
1189.000,9.79677141E-1,
1190.00,9.79974568E-1,
1191.000,9.80270386E-1,
1192.000,9.80564296E-1,
1193.000,9.80856001E-1,
1194.000,9.81145024E-1,
1195.000,9.81431067E-1,
1196.000,9.81713653E-1,
1197.000,9.81992543E-1,
1198.000,9.82267380E-1,
1199.000,9.82537925E-1,
1200.00,9.82804000E-1,
1201.000,9.83065486E-1,
1202.000,9.83322382E-1,
1203.000,9.83574808E-1,
1204.000,9.83822823E-1,
1205.000,9.84066725E-1,
1206.000,9.84306753E-1,
1207.000,9.84543443E-1,
1208.000,9.84777153E-1,
1209.000,9.85008359E-1,
1210.00,9.85237598E-1,
1211.000,9.85465288E-1,
1212.000,9.85692143E-1,
1213.000,9.85918581E-1,
1214.000,9.86145079E-1,
1215.000,9.86372113E-1,
1216.000,9.86599982E-1,
1217.000,9.86829162E-1,
1218.000,9.87059891E-1,
1219.000,9.87292469E-1,
1220.00,9.87527072E-1,
1221.000,9.87763762E-1,
1222.000,9.88002598E-1,
1223.000,9.88243639E-1,
1224.000,9.88486886E-1,
1225.000,9.88732159E-1,
1226.000,9.88979340E-1,
1227.000,9.89228189E-1,
1228.000,9.89478648E-1,
1229.000,9.89730418E-1,
1230.00,9.89983082E-1,
1231.000,9.90236521E-1,
1232.000,9.90490258E-1,
1233.000,9.90744114E-1,
1234.000,9.90997612E-1,
1235.000,9.91250515E-1,
1236.000,9.91502404E-1,
1237.000,9.91752803E-1,
1238.000,9.92001593E-1,
1239.000,9.92248297E-1,
1240.00,9.92492616E-1,
1241.000,9.92734134E-1,
1242.000,9.92972612E-1,
1243.000,9.93207633E-1,
1244.000,9.93438959E-1,
1245.000,9.93666291E-1,
1246.000,9.93889391E-1,
1247.000,9.94107842E-1,
1248.000,9.94321465E-1,
1249.000,9.94530082E-1,
1250.00,9.94733453E-1,
1251.000,9.94931281E-1,
1252.000,9.95123506E-1,
1253.000,9.95309949E-1,
1254.000,9.95490432E-1,
1255.000,9.95664895E-1,
1256.000,9.95833397E-1,
1257.000,9.95995879E-1,
1258.000,9.96152341E-1,
1259.000,9.96302843E-1,
1260.00,9.96447563E-1,
1261.000,9.96586621E-1,
1262.000,9.96720195E-1,
1263.000,9.96848464E-1,
1264.000,9.96971726E-1,
1265.000,9.97090280E-1,
1266.000,9.97204363E-1,
1267.000,9.97314274E-1,
1268.000,9.97420311E-1,
1269.000,9.97522891E-1,
1270.00,9.97622192E-1,
1271.000,9.97718632E-1,
1272.000,9.97812510E-1,
1273.000,9.97904003E-1,
1274.000,9.97993469E-1,
1275.000,9.98081088E-1,
1276.000,9.98167098E-1,
1277.000,9.98251736E-1,
1278.000,9.98335123E-1,
1279.000,9.98417318E-1,
1280.00,9.98498499E-1,
1281.000,9.98578668E-1,
1282.000,9.98657823E-1,
1283.000,9.98736024E-1,
1284.000,9.98813152E-1,
1285.000,9.98889208E-1,
1286.000,9.98964012E-1,
1287.000,9.99037445E-1,
1288.000,9.99109387E-1,
1289.000,9.99179661E-1,
1290.00,9.99248087E-1,
1291.000,9.99314487E-1,
1292.000,9.99378562E-1,
1293.000,9.99440312E-1,
1294.000,9.99499440E-1,
1295.000,9.99555767E-1,
1296.000,9.99609172E-1,
1297.000,9.99659479E-1,
1298.000,9.99706566E-1,
1299.000,9.99750316E-1,
1300.00,9.99790609E-1,
1301.000,9.99827385E-1,
1302.000,9.99860585E-1,
1303.000,9.99890208E-1,
1304.000,9.99916136E-1,
1305.000,9.99938369E-1,
1306.000,9.99956906E-1,
1307.000,9.99971569E-1,
1308.000,9.99982417E-1,
1309.000,9.99989450E-1,
1310.00,9.99992549E-1,
1311.000,9.99991477E-1,
1312.000,9.99986231E-1,
1313.000,9.99976814E-1,
1314.000,9.99962747E-1,
1315.000,9.99944150E-1,
1316.000,9.99920607E-1,
1317.000,9.99891996E-1,
1318.000,9.99858081E-1,
1319.000,9.99818623E-1,
1320.00,9.99773383E-1,
1321.000,9.99722123E-1,
1322.000,9.99664485E-1,
1323.000,9.99600410E-1,
1324.000,9.99529600E-1,
1325.000,9.99451816E-1,
1326.000,9.99366999E-1,
1327.000,9.99274969E-1,
1328.000,9.99175489E-1,
1329.000,9.99068618E-1,
1330.00,9.98954237E-1,
1331.000,9.98832405E-1,
1332.000,9.98703063E-1,
1333.000,9.98566389E-1,
1334.000,9.98422384E-1,
1335.000,9.98271286E-1,
1336.000,9.98113275E-1,
1337.000,9.97948587E-1,
1338.000,9.97777343E-1,
1339.000,9.97599959E-1,
1340.00,9.97416675E-1,
1341.000,9.97227788E-1,
1342.000,9.97033715E-1,
1343.000,9.96834815E-1,
1344.000,9.96631503E-1,
1345.000,9.96424079E-1,
1346.000,9.96212959E-1,
1347.000,9.95998561E-1,
1348.000,9.95781302E-1,
1349.000,9.95561481E-1,
1350.00,9.95339632E-1,
1351.000,9.95115876E-1,
1352.000,9.94890690E-1,
1353.000,9.94664311E-1,
1354.000,9.94437099E-1,
1355.000,9.94209349E-1,
1356.000,9.93981123E-1,
1357.000,9.93752718E-1,
1358.000,9.93524253E-1,
1359.000,9.93295908E-1,
1360.00,9.93067741E-1,
1361.000,9.92840052E-1,
1362.000,9.92612660E-1,
1363.000,9.92385805E-1,
1364.000,9.92159426E-1,
1365.000,9.91933703E-1,
1366.000,9.91708636E-1,
1367.000,9.91484106E-1,
1368.000,9.91260290E-1,
1369.000,9.91037190E-1,
1370.00,9.90814745E-1,
1371.000,9.90592957E-1,
1372.000,9.90371883E-1,
1373.000,9.90151346E-1,
1374.000,9.89931464E-1,
1375.000,9.89712059E-1,
1376.000,9.89493191E-1,
1377.000,9.89274740E-1,
1378.000,9.89056647E-1,
1379.000,9.88838851E-1,
1380.00,9.88621175E-1,
1381.000,9.88403618E-1,
1382.000,9.88186061E-1,
1383.000,9.87968445E-1,
1384.000,9.87750709E-1,
1385.000,9.87532675E-1,
1386.000,9.87314224E-1,
1387.000,9.87095416E-1,
1388.000,9.86876011E-1,
1389.000,9.86656010E-1,
1390.00,9.86435413E-1,
1391.000,9.86213923E-1,
1392.000,9.85991657E-1,
1393.000,9.85768437E-1,
1394.000,9.85544264E-1,
1395.000,9.85319138E-1,
1396.000,9.85092878E-1,
1397.000,9.84865487E-1,
1398.000,9.84636843E-1,
1399.000,9.84407067E-1,
1400.00,9.84175980E-1,
1401.000,9.83943701E-1,
1402.000,9.83709991E-1,
1403.000,9.83474970E-1,
1404.000,9.83238637E-1,
1405.000,9.83000815E-1,
1406.000,9.82761741E-1,
1407.000,9.82521117E-1,
1408.000,9.82279122E-1,
1409.000,9.82035637E-1,
1410.00,9.81790781E-1,
1411.000,9.81544495E-1,
1412.000,9.81296718E-1,
1413.000,9.81047511E-1,
1414.000,9.80796814E-1,
1415.000,9.80544746E-1,
1416.000,9.80291247E-1,
1417.000,9.80036318E-1,
1418.000,9.79779899E-1,
1419.000,9.79522109E-1,
1420.00,9.79262829E-1,
1421.000,9.79002297E-1,
1422.000,9.78740275E-1,
1423.000,9.78476882E-1,
1424.000,9.78212059E-1,
1425.000,9.77945924E-1,
1426.000,9.77678478E-1,
1427.000,9.77409601E-1,
1428.000,9.77139413E-1,
1429.000,9.76867914E-1,
1430.00,9.76595044E-1,
1431.000,9.76320982E-1,
1432.000,9.76045489E-1,
1433.000,9.75768745E-1,
1434.000,9.75490749E-1,
1435.000,9.75211501E-1,
1436.000,9.74930942E-1,
1437.000,9.74649131E-1,
1438.000,9.74366009E-1,
1439.000,9.74081755E-1,
1440.00,9.73796248E-1,
1441.000,9.73509490E-1,
1442.000,9.73221481E-1,
1443.000,9.72932339E-1,
1444.000,9.72642004E-1,
1445.000,9.72350419E-1,
1446.000,9.72057641E-1,
1447.000,9.71763670E-1,
1448.000,9.71468508E-1,
1449.000,9.71172273E-1,
1450.00,9.70874846E-1,
1451.000,9.70576227E-1,
1452.000,9.70276415E-1,
1453.000,9.69975591E-1,
1454.000,9.69673514E-1,
1455.000,9.69370306E-1,
1456.000,9.69065964E-1,
1457.000,9.68760610E-1,
1458.000,9.68454003E-1,
1459.000,9.68146324E-1,
1460.00,9.67837572E-1,
1461.000,9.67527747E-1,
1462.000,9.67216730E-1,
1463.000,9.66904640E-1,
1464.000,9.66591477E-1,
1465.000,9.66277242E-1,
1466.000,9.65961933E-1,
1467.000,9.65645492E-1,
1468.000,9.65328038E-1,
1469.000,9.65009511E-1,
1470.00,9.64689910E-1,
1471.000,9.64369237E-1,
1472.000,9.64047551E-1,
1473.000,9.63724792E-1,
1474.000,9.63401020E-1,
1475.000,9.63076174E-1,
1476.000,9.62750256E-1,
1477.000,9.62423444E-1,
1478.000,9.62095499E-1,
1479.000,9.61766541E-1,
1480.00,9.61436570E-1,
1481.000,9.61105645E-1,
1482.000,9.60773647E-1,
1483.000,9.60440695E-1,
1484.000,9.60106671E-1,
1485.000,9.59771752E-1,
1486.000,9.59435821E-1,
1487.000,9.59098876E-1,
1488.000,9.58760977E-1,
1489.000,9.58422065E-1,
1490.00,9.58082199E-1,
1491.000,9.57741380E-1,
1492.000,9.57399607E-1,
1493.000,9.57056880E-1,
1494.000,9.56713140E-1,
1495.000,9.56368506E-1,
1496.000,9.56022978E-1,
1497.000,9.55676436E-1,
1498.000,9.55328941E-1,
1499.000,9.54980552E-1,
1500.00,9.54631269E-1,
1501.000,9.54281032E-1,
1502.000,9.53929842E-1,
1503.000,9.53577816E-1,
1504.000,9.53224838E-1,
1505.000,9.52870965E-1,
1506.000,9.52516139E-1,
1507.000,9.52160537E-1,
1508.000,9.51803923E-1,
1509.000,9.51446474E-1,
1510.00,9.51088190E-1,
1511.000,9.50728953E-1,
1512.000,9.50368881E-1,
1513.000,9.50007915E-1,
1514.000,9.49646115E-1,
1515.000,9.49283421E-1,
1516.000,9.48919892E-1,
1517.000,9.48555529E-1,
1518.000,9.48190272E-1,
1519.000,9.47824180E-1,
1520.00,9.47457254E-1,
1521.000,9.47089553E-1,
1522.000,9.46720958E-1,
1523.000,9.46351528E-1,
1524.000,9.45981324E-1,
1525.000,9.45610225E-1,
1526.000,9.45238352E-1,
1527.000,9.44865644E-1,
1528.000,9.44492221E-1,
1529.000,9.44117904E-1,
1530.00,9.43742812E-1,
1531.000,9.43366945E-1,
1532.000,9.42990243E-1,
1533.000,9.42612767E-1,
1534.000,9.42234576E-1,
1535.000,9.41855550E-1,
1536.000,9.41475689E-1,
1537.000,9.41095114E-1,
1538.000,9.40713823E-1,
1539.000,9.40331697E-1,
1540.00,9.39948857E-1,
1541.000,9.39565301E-1,
1542.000,9.39180911E-1,
1543.000,9.38795745E-1,
1544.000,9.38409984E-1,
1545.000,9.38023329E-1,
1546.000,9.37636018E-1,
1547.000,9.37247932E-1,
1548.000,9.36859190E-1,
1549.000,9.36469674E-1,
1550.00,9.36079383E-1,
1551.000,9.35688496E-1,
1552.000,9.35296834E-1,
1553.000,9.34904456E-1,
1554.000,9.34511423E-1,
1555.000,9.34117615E-1,
1556.000,9.33723092E-1,
1557.000,9.33327973E-1,
1558.000,9.32932138E-1,
1559.000,9.32535529E-1,
1560.00,9.32138383E-1,
1561.000,9.31740463E-1,
1562.000,9.31341827E-1,
1563.000,9.30942595E-1,
1564.000,9.30542707E-1,
1565.000,9.30142105E-1,
1566.000,9.29740846E-1,
1567.000,9.29338992E-1,
1568.000,9.28936422E-1,
1569.000,9.28533196E-1,
1570.00,9.28129375E-1,
1571.000,9.27724838E-1,
1572.000,9.27319705E-1,
1573.000,9.26913977E-1,
1574.000,9.26507533E-1,
1575.000,9.26100492E-1,
1576.000,9.25692916E-1,
1577.000,9.25284624E-1,
1578.000,9.24875677E-1,
1579.000,9.24466252E-1,
1580.00,9.24056113E-1,
1581.000,9.23645318E-1,
1582.000,9.23234046E-1,
1583.000,9.22822118E-1,
1584.000,9.22409534E-1,
1585.000,9.21996474E-1,
1586.000,9.21582758E-1,
1587.000,9.21168387E-1,
1588.000,9.20753539E-1,
1589.000,9.20338094E-1,
1590.00,9.19922054E-1,
1591.000,9.19505417E-1,
1592.000,9.19088244E-1,
1593.000,9.18670475E-1,
1594.000,9.18252110E-1,
1595.000,9.17833328E-1,
1596.000,9.17413831E-1,
1597.000,9.16993856E-1,
1598.000,9.16573346E-1,
1599.000,9.16152239E-1,
1600.00,9.15730596E-1,
1601.000,9.15308356E-1,
1602.000,9.14885700E-1,
1603.000,9.14462388E-1,
1604.000,9.14038599E-1,
1605.000,9.13614333E-1,
1606.000,9.13189471E-1,
1607.000,9.12764192E-1,
1608.000,9.12338316E-1,
1609.000,9.11911964E-1,
1610.00,9.11485076E-1,
1611.000,9.11057651E-1,
1612.000,9.10629749E-1,
1613.000,9.10201311E-1,
1614.000,9.09772456E-1,
1615.000,9.09343004E-1,
1616.000,9.08913076E-1,
1617.000,9.08482730E-1,
1618.000,9.08051848E-1,
1619.000,9.07620490E-1,
1620.00,9.07188654E-1,
1621.000,9.06756341E-1,
1622.000,9.06323552E-1,
1623.000,9.05890226E-1,
1624.000,9.05456543E-1,
1625.000,9.05022383E-1,
1626.000,9.04587686E-1,
1627.000,9.04152632E-1,
1628.000,9.03716981E-1,
1629.000,9.03280914E-1,
1630.00,9.02844489E-1,
1631.000,9.02407587E-1,
1632.000,9.01970148E-1,
1633.000,9.01532352E-1,
1634.000,9.01094079E-1,
1635.000,9.00655389E-1,
1636.000,9.00216222E-1,
1637.000,8.99776757E-1,
1638.000,8.99336755E-1,
1639.000,8.98896337E-1,
1640.00,8.98455441E-1,
1641.000,8.98014247E-1,
1642.000,8.97572517E-1,
1643.000,8.97130489E-1,
1644.000,8.96687984E-1,
1645.000,8.96245122E-1,
1646.000,8.95801783E-1,
1647.000,8.95358086E-1,
1648.000,8.94913971E-1,
1649.000,8.94469440E-1,
1650.00,8.94024551E-1,
1651.000,8.93579304E-1,
1652.000,8.93133581E-1,
1653.000,8.92687500E-1,
1654.000,8.92241120E-1,
1655.000,8.91794324E-1,
1656.000,8.91347110E-1,
1657.000,8.90899420E-1,
1658.000,8.90451550E-1,
1659.000,8.90003204E-1,
1660.00,8.89554560E-1,
1661.000,8.89105499E-1,
1662.000,8.88656080E-1,
1663.000,8.88206303E-1,
1664.000,8.87756169E-1,
1665.000,8.87305796E-1,
1666.000,8.86854887E-1,
1667.000,8.86403680E-1,
1668.000,8.85952115E-1,
1669.000,8.85500312E-1,
1670.00,8.85048032E-1,
1671.000,8.84595573E-1,
1672.000,8.84142697E-1,
1673.000,8.83689463E-1,
1674.000,8.83235872E-1,
1675.000,8.82781923E-1,
1676.000,8.82327735E-1,
1677.000,8.81873369E-1,
1678.000,8.81418467E-1,
1679.000,8.80963326E-1,
1680.00,8.80507827E-1,
1681.000,8.80052030E-1,
1682.000,8.79595935E-1,
1683.000,8.79139602E-1,
1684.000,8.78682792E-1,
1685.000,8.78225803E-1,
1686.000,8.77768457E-1,
1687.000,8.77310812E-1,
1688.000,8.76852989E-1,
1689.000,8.76394749E-1,
1690.00,8.75936270E-1,
1691.000,8.75477433E-1,
1692.000,8.75018358E-1,
1693.000,8.74559104E-1,
1694.000,8.74099374E-1,
1695.000,8.73639524E-1,
1696.000,8.73179317E-1,
1697.000,8.72718811E-1,
1698.000,8.72258067E-1,
1699.000,8.71797085E-1,
1700.00,8.71335864E-1,
1701.000,8.70874286E-1,
1702.000,8.70412469E-1,
1703.000,8.69950414E-1,
1704.000,8.69488180E-1,
1705.000,8.69025528E-1,
1706.000,8.68562758E-1,
1707.000,8.68099630E-1,
1708.000,8.67636323E-1,
1709.000,8.67172718E-1,
1710.00,8.66708994E-1,
1711.000,8.66244912E-1,
1712.000,8.65780592E-1,
1713.000,8.65316033E-1,
1714.000,8.64851236E-1,
1715.000,8.64386261E-1,
1716.000,8.63920987E-1,
1717.000,8.63455594E-1,
1718.000,8.62989843E-1,
1719.000,8.62523913E-1,
1720.00,8.62057745E-1,
1721.000,8.61591458E-1,
1722.000,8.61124933E-1,
1723.000,8.60658050E-1,
1724.000,8.60191047E-1,
1725.000,8.59723806E-1,
1726.000,8.59256446E-1,
1727.000,8.58788788E-1,
1728.000,8.58320892E-1,
1729.000,8.57852876E-1,
1730.00,8.57384622E-1,
1731.000,8.56916189E-1,
1732.000,8.56447518E-1,
1733.000,8.55978727E-1,
1734.000,8.55509639E-1,
1735.000,8.55040431E-1,
1736.000,8.54570985E-1,
1737.000,8.54101479E-1,
1738.000,8.53631616E-1,
1739.000,8.53161633E-1,
1740.00,8.52691472E-1,
1741.000,8.52221191E-1,
1742.000,8.51750672E-1,
1743.000,8.51279974E-1,
1744.000,8.50809216E-1,
1745.000,8.50338101E-1,
1746.000,8.49866867E-1,
1747.000,8.49395514E-1,
1748.000,8.48923981E-1,
1749.000,8.48452330E-1,
1750.00,8.47980440E-1,
1751.000,8.47508430E-1,
1752.000,8.47036183E-1,
1753.000,8.46563876E-1,
1754.000,8.46091390E-1,
1755.000,8.45618844E-1,
1756.000,8.45145941E-1,
1757.000,8.44672978E-1,
1758.000,8.44199955E-1,
1759.000,8.43726695E-1,
1760.00,8.43253314E-1,
1761.000,8.42779756E-1,
1762.000,8.42306077E-1,
1763.000,8.41832280E-1,
1764.000,8.41358423E-1,
1765.000,8.40884328E-1,
1766.000,8.40410113E-1,
1767.000,8.39935780E-1,
1768.000,8.39461327E-1,
1769.000,8.38986814E-1,
1770.00,8.38512003E-1,
1771.000,8.38037193E-1,
1772.000,8.37562263E-1,
1773.000,8.37087214E-1,
1774.000,8.36612105E-1,
1775.000,8.36136818E-1,
1776.000,8.35661411E-1,
1777.000,8.35185885E-1,
1778.000,8.34710300E-1,
1779.000,8.34234595E-1,
1780.00,8.33758891E-1,
1781.000,8.33283007E-1,
1782.000,8.32807004E-1,
1783.000,8.32331002E-1,
1784.000,8.31854820E-1,
1785.000,8.31378639E-1,
1786.000,8.30902338E-1,
1787.000,8.30425978E-1,
1788.000,8.29949498E-1,
1789.000,8.29473078E-1,
1790.00,8.28996599E-1,
1791.000,8.28519881E-1,
1792.000,8.28043222E-1,
1793.000,8.27566445E-1,
1794.000,8.27089608E-1,
1795.000,8.26612771E-1,
1796.000,8.26135993E-1,
1797.000,8.25659096E-1,
1798.000,8.25182080E-1,
1799.000,8.24705064E-1,
1800.00,8.24228048E-1,
1801.000,8.23751032E-1,
1802.000,8.23273957E-1,
1803.000,8.22796941E-1,
1804.000,8.22319925E-1,
1805.000,8.21842849E-1,
1806.000,8.21365833E-1,
1807.000,8.20888758E-1,
1808.000,8.20411801E-1,
1809.000,8.19934726E-1,
1810.00,8.19457650E-1,
1811.000,8.18980694E-1,
1812.000,8.18503678E-1,
1813.000,8.18026721E-1,
1814.000,8.17549646E-1,
1815.000,8.17072690E-1,
1816.000,8.16595674E-1,
1817.000,8.16118717E-1,
1818.000,8.15641761E-1,
1819.000,8.15164804E-1,
1820.00,8.14687848E-1,
1821.000,8.14210892E-1,
1822.000,8.13733995E-1,
1823.000,8.13257039E-1,
1824.000,8.12780082E-1,
1825.000,8.12303126E-1,
1826.000,8.11826289E-1,
1827.000,8.11349392E-1,
1828.000,8.10872555E-1,
1829.000,8.10395658E-1,
1830.00,8.09918761E-1,
1831.000,8.09441924E-1,
1832.000,8.08965087E-1,
1833.000,8.08488369E-1,
1834.000,8.08011532E-1,
1835.000,8.07534754E-1,
1836.000,8.07057977E-1,
1837.000,8.06581199E-1,
1838.000,8.06104541E-1,
1839.000,8.05627823E-1,
1840.00,8.05151105E-1,
1841.000,8.04674387E-1,
1842.000,8.04197729E-1,
1843.000,8.03721130E-1,
1844.000,8.03244531E-1,
1845.000,8.02767932E-1,
1846.000,8.02291334E-1,
1847.000,8.01814735E-1,
1848.000,8.01338136E-1,
1849.000,8.00861716E-1,
1850.00,8.00385177E-1,
1851.000,7.99908698E-1,
1852.000,7.99432218E-1,
1853.000,7.98955798E-1,
1854.000,7.98479378E-1,
1855.000,7.98003018E-1,
1856.000,7.97526658E-1,
1857.000,7.97050297E-1,
1858.000,7.96573937E-1,
1859.000,7.96097755E-1,
1860.00,7.95621455E-1,
1861.000,7.95145214E-1,
1862.000,7.94669032E-1,
1863.000,7.94192791E-1,
1864.000,7.93716669E-1,
1865.000,7.93240547E-1,
1866.000,7.92764485E-1,
1867.000,7.92288363E-1,
1868.000,7.91812360E-1,
1869.000,7.91336358E-1,
1870.00,7.90860415E-1,
1871.000,7.90384412E-1,
1872.000,7.89908528E-1,
1873.000,7.89432585E-1,
1874.000,7.88956761E-1,
1875.000,7.88480937E-1,
1876.000,7.88005173E-1,
1877.000,7.87529409E-1,
1878.000,7.87053645E-1,
1879.000,7.86578000E-1,
1880.00,7.86102355E-1,
1881.000,7.85626769E-1,
1882.000,7.85151124E-1,
1883.000,7.84675598E-1,
1884.000,7.84200072E-1,
1885.000,7.83724666E-1,
1886.000,7.83249199E-1,
1887.000,7.82773793E-1,
1888.000,7.82298505E-1,
1889.000,7.81823099E-1,
1890.00,7.81347811E-1,
1891.000,7.80872703E-1,
1892.000,7.80397415E-1,
1893.000,7.79922307E-1,
1894.000,7.79447198E-1,
1895.000,7.78972030E-1,
1896.000,7.78497040E-1,
1897.000,7.78022110E-1,
1898.000,7.77547121E-1,
1899.000,7.77072251E-1,
1900.00,7.76597321E-1,
1901.000,7.76122510E-1,
1902.000,7.75647759E-1,
1903.000,7.75173068E-1,
1904.000,7.74698377E-1,
1905.000,7.74223685E-1,
1906.000,7.73749113E-1,
1907.000,7.73274601E-1,
1908.000,7.72800148E-1,
1909.000,7.72325635E-1,
1910.00,7.71851242E-1,
1911.000,7.71376908E-1,
1912.000,7.70902574E-1,
1913.000,7.70428360E-1,
1914.000,7.69954145E-1,
1915.000,7.69479990E-1,
1916.000,7.69005895E-1,
1917.000,7.68531799E-1,
1918.000,7.68057883E-1,
1919.000,7.67583907E-1,
1920.00,7.67109990E-1,
1921.000,7.66636133E-1,
1922.000,7.66162336E-1,
1923.000,7.65688658E-1,
1924.000,7.65214920E-1,
1925.000,7.64741302E-1,
1926.000,7.64267743E-1,
1927.000,7.63794184E-1,
1928.000,7.63320744E-1,
1929.000,7.62847364E-1,
1930.00,7.62373984E-1,
1931.000,7.61900723E-1,
1932.000,7.61427462E-1,
1933.000,7.60954261E-1,
1934.000,7.60481238E-1,
1935.000,7.60008156E-1,
1936.000,7.59535134E-1,
1937.000,7.59062171E-1,
1938.000,7.58589268E-1,
1939.000,7.58116543E-1,
1940.00,7.57643759E-1,
1941.000,7.57171094E-1,
1942.000,7.56698430E-1,
1943.000,7.56225824E-1,
1944.000,7.55753338E-1,
1945.000,7.55280972E-1,
1946.000,7.54808545E-1,
1947.000,7.54336238E-1,
1948.000,7.53863931E-1,
1949.000,7.53391743E-1,
1950.00,7.52919734E-1,
1951.000,7.52447665E-1,
1952.000,7.51975596E-1,
1953.000,7.51503706E-1,
1954.000,7.51031816E-1,
1955.000,7.50560045E-1,
1956.000,7.50088394E-1,
1957.000,7.49616742E-1,
1958.000,7.49145150E-1,
1959.000,7.48673618E-1,
1960.00,7.48202145E-1,
1961.000,7.47730851E-1,
1962.000,7.47259557E-1,
1963.000,7.46788323E-1,
1964.000,7.46317148E-1,
1965.000,7.45846033E-1,
1966.000,7.45375097E-1,
1967.000,7.44904160E-1,
1968.000,7.44433284E-1,
1969.000,7.43962467E-1,
1970.00,7.43491769E-1,
1971.000,7.43021071E-1,
1972.000,7.42550552E-1,
1973.000,7.42080092E-1,
1974.000,7.41609633E-1,
1975.000,7.41139352E-1,
1976.000,7.40669072E-1,
1977.000,7.40198970E-1,
1978.000,7.39728808E-1,
1979.000,7.39258766E-1,
1980.00,7.38788843E-1,
1981.000,7.38318920E-1,
1982.000,7.37849176E-1,
1983.000,7.37379491E-1,
1984.000,7.36909807E-1,
1985.000,7.36440241E-1,
1986.000,7.35970795E-1,
1987.000,7.35501468E-1,
1988.000,7.35032201E-1,
1989.000,7.34562993E-1,
1990.00,7.34093785E-1,
1991.000,7.33624756E-1,
1992.000,7.33155787E-1,
1993.000,7.32686937E-1,
1994.000,7.32218146E-1,
1995.000,7.31749415E-1,
1996.000,7.31280744E-1,
1997.000,7.30812252E-1,
1998.000,7.30343819E-1,
1999.000,7.29875445E-1,
2000.00,7.29407191E-1,
2001.000,7.28938937E-1,
2002.000,7.28470922E-1,
2003.000,7.28002846E-1,
2004.000,7.27534950E-1,
2005.000,7.27067173E-1,
2006.000,7.26599395E-1,
2007.000,7.26131737E-1,
2008.000,7.25664198E-1,
2009.000,7.25196719E-1,
2010.00,7.24729419E-1,
2011.000,7.24262059E-1,
2012.000,7.23794818E-1,
2013.000,7.23327756E-1,
2014.000,7.22860754E-1,
2015.000,7.22393870E-1,
2016.000,7.21927106E-1,
2017.000,7.21460342E-1,
2018.000,7.20993698E-1,
2019.000,7.20527172E-1,
2020.00,7.20060825E-1,
2021.000,7.19594419E-1,
2022.000,7.19128251E-1,
2023.000,7.18662024E-1,
2024.000,7.18196034E-1,
2025.000,7.17730045E-1,
2026.000,7.17264235E-1,
2027.000,7.16798484E-1,
2028.000,7.16332853E-1,
2029.000,7.15867281E-1,
2030.00,7.15401828E-1,
2031.000,7.14936554E-1,
2032.000,7.14471340E-1,
2033.000,7.14006186E-1,
2034.000,7.13541150E-1,
2035.000,7.13076174E-1,
2036.000,7.12611377E-1,
2037.000,7.12146699E-1,
2038.000,7.11682022E-1,
2039.000,7.11217523E-1,
2040.00,7.10753143E-1,
2041.000,7.10288823E-1,
2042.000,7.09824681E-1,
2043.000,7.09360540E-1,
2044.000,7.08896577E-1,
2045.000,7.08432674E-1,
2046.000,7.07968891E-1,
2047.000,7.07505286E-1,
2048.000,7.07041681E-1,
2049.000,7.06578255E-1,
2050.00,7.06114948E-1,
2051.000,7.05651700E-1,
2052.000,7.05188572E-1,
2053.000,7.04725623E-1,
2054.000,7.04262733E-1,
2055.000,7.03799963E-1,
2056.000,7.03337312E-1,
2057.000,7.02874720E-1,
2058.000,7.02412307E-1,
2059.000,7.01950014E-1,
2060.00,7.01487780E-1,
2061.000,7.01025665E-1,
2062.000,7.00563669E-1,
2063.000,7.00101793E-1,
2064.000,6.99640155E-1,
2065.000,6.99178457E-1,
2066.000,6.98716938E-1,
2067.000,6.98255539E-1,
2068.000,6.97794199E-1,
2069.000,6.97333157E-1,
2070.00,6.96872056E-1,
2071.000,6.96411133E-1,
2072.000,6.95950329E-1,
2073.000,6.95489585E-1,
2074.000,6.95029080E-1,
2075.000,6.94568634E-1,
2076.000,6.94108307E-1,
2077.000,6.93648100E-1,
2078.000,6.93188012E-1,
2079.000,6.92728043E-1,
2080.00,6.92268252E-1,
2081.000,6.91808522E-1,
2082.000,6.91348970E-1,
2083.000,6.90889418E-1,
2084.000,6.90430105E-1,
2085.000,6.89970911E-1,
2086.000,6.89511836E-1,
2087.000,6.89052880E-1,
2088.000,6.88594043E-1,
2089.000,6.88135326E-1,
2090.00,6.87676728E-1,
2091.000,6.87218308E-1,
2092.000,6.86760008E-1,
2093.000,6.86301768E-1,
2094.000,6.85843647E-1,
2095.000,6.85385764E-1,
2096.000,6.84927940E-1,
2097.000,6.84470296E-1,
2098.000,6.84012771E-1,
2099.000,6.83555305E-1,
2100.00,6.83098018E-1,
2101.000,6.82640910E-1,
2102.000,6.82183921E-1,
2103.000,6.81726992E-1,
2104.000,6.81270242E-1,
2105.000,6.80813611E-1,
2106.000,6.80357099E-1,
2107.000,6.79900765E-1,
2108.000,6.79444551E-1,
2109.000,6.78988457E-1,
2110.00,6.78532541E-1,
2111.000,6.78076744E-1,
2112.000,6.77621007E-1,
2113.000,6.77165568E-1,
2114.000,6.76710188E-1,
2115.000,6.76254869E-1,
2116.000,6.75799787E-1,
2117.000,6.75344765E-1,
2118.000,6.74889922E-1,
2119.000,6.74435258E-1,
2120.00,6.73980713E-1,
2121.000,6.73526287E-1,
2122.000,6.73071980E-1,
2123.000,6.72617853E-1,
2124.000,6.72163844E-1,
2125.000,6.71710074E-1,
2126.000,6.71256363E-1,
2127.000,6.70802772E-1,
2128.000,6.70349300E-1,
2129.000,6.69896066E-1,
2130.00,6.69443011E-1,
2131.000,6.68990016E-1,
2132.000,6.68537140E-1,
2133.000,6.68084443E-1,
2134.000,6.67631865E-1,
2135.000,6.67179465E-1,
2136.000,6.66727245E-1,
2137.000,6.66275203E-1,
2138.000,6.65823162E-1,
2139.000,6.65371358E-1,
2140.00,6.64919734E-1,
2141.000,6.64468288E-1,
2142.000,6.64016902E-1,
2143.000,6.63565695E-1,
2144.000,6.63114607E-1,
2145.000,6.62663698E-1,
2146.000,6.62212968E-1,
2147.000,6.61762416E-1,
2148.000,6.61311924E-1,
2149.000,6.60861671E-1,
2150.00,6.60411537E-1,
2151.000,6.59961522E-1,
2152.000,6.59511685E-1,
2153.000,6.59062028E-1,
2154.000,6.58612549E-1,
2155.000,6.58163190E-1,
2156.000,6.57713890E-1,
2157.000,6.57264888E-1,
2158.000,6.56816065E-1,
2159.000,6.56367242E-1,
2160.00,6.55918717E-1,
2161.000,6.55470312E-1,
2162.000,6.55021966E-1,
2163.000,6.54573917E-1,
2164.000,6.54126048E-1,
2165.000,6.53678179E-1,
2166.000,6.53230608E-1,
2167.000,6.52783155E-1,
2168.000,6.52335823E-1,
2169.000,6.51888728E-1,
2170.00,6.51441753E-1,
2171.000,6.50994956E-1,
2172.000,6.50548279E-1,
2173.000,6.50101840E-1,
2174.000,6.49655521E-1,
2175.000,6.49209380E-1,
2176.000,6.48763418E-1,
2177.000,6.48317575E-1,
2178.000,6.47871912E-1,
2179.000,6.47426367E-1,
2180.00,6.46981061E-1,
2181.000,6.46535933E-1,
2182.000,6.46090984E-1,
2183.000,6.45646155E-1,
2184.000,6.45201504E-1,
2185.000,6.44756973E-1,
2186.000,6.44312680E-1,
2187.000,6.43868566E-1,
2188.000,6.43424630E-1,
2189.000,6.42980814E-1,
2190.00,6.42537117E-1,
2191.000,6.42093718E-1,
2192.000,6.41650498E-1,
2193.000,6.41207337E-1,
2194.000,6.40764415E-1,
2195.000,6.40321672E-1,
2196.000,6.39879048E-1,
2197.000,6.39436662E-1,
2198.000,6.38994455E-1,
2199.000,6.38552308E-1,
2200.00,6.38110459E-1,
2201.000,6.37668729E-1,
2202.000,6.37227178E-1,
2203.000,6.36785865E-1,
2204.000,6.36344731E-1,
2205.000,6.35903656E-1,
2206.000,6.35462821E-1,
2207.000,6.35022223E-1,
2208.000,6.34581745E-1,
2209.000,6.34141445E-1,
2210.00,6.33701324E-1,
2211.000,6.33261442E-1,
2212.000,6.32821679E-1,
2213.000,6.32382095E-1,
2214.000,6.31942689E-1,
2215.000,6.31503522E-1,
2216.000,6.31064534E-1,
2217.000,6.30625665E-1,
2218.000,6.30186975E-1,
2219.000,6.29748523E-1,
2220.00,6.29310250E-1,
2221.000,6.28872216E-1,
2222.000,6.28434300E-1,
2223.000,6.27996564E-1,
2224.000,6.27559006E-1,
2225.000,6.27121687E-1,
2226.000,6.26684487E-1,
2227.000,6.26247585E-1,
2228.000,6.25810742E-1,
2229.000,6.25374138E-1,
2230.00,6.24937713E-1,
2231.000,6.24501526E-1,
2232.000,6.24065459E-1,
2233.000,6.23629689E-1,
2234.000,6.23193979E-1,
2235.000,6.22758508E-1,
2236.000,6.22323275E-1,
2237.000,6.21888161E-1,
2238.000,6.21453345E-1,
2239.000,6.21018648E-1,
2240.00,6.20584130E-1,
2241.000,6.20149851E-1,
2242.000,6.19715750E-1,
2243.000,6.19281769E-1,
2244.000,6.18848085E-1,
2245.000,6.18414581E-1,
2246.000,6.17981255E-1,
2247.000,6.17548108E-1,
2248.000,6.17115140E-1,
2249.000,6.16682410E-1,
2250.00,6.16249919E-1,
2251.000,6.15817606E-1,
2252.000,6.15385473E-1,
2253.000,6.14953458E-1,
2254.000,6.14521682E-1,
2255.000,6.14090145E-1,
2256.000,6.13658905E-1,
2257.000,6.13227725E-1,
2258.000,6.12796783E-1,
2259.000,6.12366021E-1,
2260.00,6.11935496E-1,
2261.000,6.11505151E-1,
2262.000,6.11075103E-1,
2263.000,6.10645115E-1,
2264.000,6.10215425E-1,
2265.000,6.09785855E-1,
2266.000,6.09356582E-1,
2267.000,6.08927429E-1,
2268.000,6.08498573E-1,
2269.000,6.08069897E-1,
2270.00,6.07641339E-1,
2271.000,6.07213080E-1,
2272.000,6.06784999E-1,
2273.000,6.06357098E-1,
2274.000,6.05929554E-1,
2275.000,6.05502069E-1,
2276.000,6.05074823E-1,
2277.000,6.04647756E-1,
2278.000,6.04220927E-1,
2279.000,6.03794277E-1,
2280.00,6.03367925E-1,
2281.000,6.02941751E-1,
2282.000,6.02515817E-1,
2283.000,6.02090001E-1,
2284.000,6.01664424E-1,
2285.000,6.01239145E-1,
2286.000,6.00814044E-1,
2287.000,6.00389063E-1,
2288.000,5.99964440E-1,
2289.000,5.99539936E-1,
2290.00,5.99115610E-1,
2291.000,5.98691642E-1,
2292.000,5.98267794E-1,
2293.000,5.97844124E-1,
2294.000,5.97420752E-1,
2295.000,5.96997559E-1,
2296.000,5.96574545E-1,
2297.000,5.96151888E-1,
2298.000,5.95729411E-1,
2299.000,5.95307052E-1,
2300.00,5.94884932E-1,
2301.000,5.94463050E-1,
2302.000,5.94041407E-1,
2303.000,5.93620062E-1,
2304.000,5.93198776E-1,
2305.000,5.92777848E-1,
2306.000,5.92357039E-1,
2307.000,5.91936529E-1,
2308.000,5.91516197E-1,
2309.000,5.91096163E-1,
2310.00,5.90676248E-1,
2311.000,5.90256631E-1,
2312.000,5.89837253E-1,
2313.000,5.89417994E-1,
2314.000,5.88999033E-1,
2315.000,5.88580370E-1,
2316.000,5.88161826E-1,
2317.000,5.87743521E-1,
2318.000,5.87325454E-1,
2319.000,5.86907625E-1,
2320.00,5.86490035E-1,
2321.000,5.86072683E-1,
2322.000,5.85655570E-1,
2323.000,5.85238636E-1,
2324.000,5.84821999E-1,
2325.000,5.84405482E-1,
2326.000,5.83989322E-1,
2327.000,5.83573282E-1,
2328.000,5.83157599E-1,
2329.000,5.82742035E-1,
2330.00,5.82326770E-1,
2331.000,5.81911683E-1,
2332.000,5.81496835E-1,
2333.000,5.81082225E-1,
2334.000,5.80667973E-1,
2335.000,5.80253839E-1,
2336.000,5.79839945E-1,
2337.000,5.79426348E-1,
2338.000,5.79012930E-1,
2339.000,5.78599751E-1,
2340.00,5.78186810E-1,
2341.000,5.77774167E-1,
2342.000,5.77361703E-1,
2343.000,5.76949418E-1,
2344.000,5.76537490E-1,
2345.000,5.76125741E-1,
2346.000,5.75714290E-1,
2347.000,5.75302958E-1,
2348.000,5.74891984E-1,
2349.000,5.74481189E-1,
2350.00,5.74070632E-1,
2351.000,5.73660314E-1,
2352.000,5.73250294E-1,
2353.000,5.72840512E-1,
2354.000,5.72430968E-1,
2355.000,5.72021604E-1,
2356.000,5.71612537E-1,
2357.000,5.71203709E-1,
2358.000,5.70795119E-1,
2359.000,5.70386827E-1,
2360.00,5.69978714E-1,
2361.000,5.69570839E-1,
2362.000,5.69163263E-1,
2363.000,5.68755925E-1,
2364.000,5.68348825E-1,
2365.000,5.67941964E-1,
2366.000,5.67535341E-1,
2367.000,5.67129016E-1,
2368.000,5.66722870E-1,
2369.000,5.66317022E-1,
2370.00,5.65911412E-1,
2371.000,5.65506101E-1,
2372.000,5.65100968E-1,
2373.000,5.64696133E-1,
2374.000,5.64291537E-1,
2375.000,5.63887179E-1,
2376.000,5.63483059E-1,
2377.000,5.63079238E-1,
2378.000,5.62675714E-1,
2379.000,5.62272370E-1,
2380.00,5.61869264E-1,
2381.000,5.61466455E-1,
2382.000,5.61063886E-1,
2383.000,5.60661614E-1,
2384.000,5.60259521E-1,
2385.000,5.59857786E-1,
2386.000,5.59456229E-1,
2387.000,5.59054911E-1,
2388.000,5.58653891E-1,
2389.000,5.58253109E-1,
2390.00,5.57852685E-1,
2391.000,5.57452440E-1,
2392.000,5.57052433E-1,
2393.000,5.56652665E-1,
2394.000,5.56253254E-1,
2395.000,5.55854082E-1,
2396.000,5.55455148E-1,
2397.000,5.55056512E-1,
2398.000,5.54658115E-1,
2399.000,5.54259956E-1,
2400.00,5.53862035E-1,
2401.000,5.53464353E-1,
2402.000,5.53067088E-1,
2403.000,5.52670002E-1,
2404.000,5.52273154E-1,
2405.000,5.51876605E-1,
2406.000,5.51480293E-1,
2407.000,5.51084280E-1,
2408.000,5.50688505E-1,
2409.000,5.50293088E-1,
2410.00,5.49897850E-1,
2411.000,5.49502909E-1,
2412.000,5.49108207E-1,
2413.000,5.48713803E-1,
2414.000,5.48319638E-1,
2415.000,5.47925830E-1,
2416.000,5.47532201E-1,
2417.000,5.47138929E-1,
2418.000,5.46745837E-1,
2419.000,5.46353042E-1,
2420.00,5.45960546E-1,
2421.000,5.45568228E-1,
2422.000,5.45176387E-1,
2423.000,5.44784665E-1,
2424.000,5.44393241E-1,
2425.000,5.44002116E-1,
2426.000,5.43611228E-1,
2427.000,5.43220639E-1,
2428.000,5.42830348E-1,
2429.000,5.42440295E-1,
2430.00,5.42050600E-1,
2431.000,5.41661024E-1,
2432.000,5.41271806E-1,
2433.000,5.40882945E-1,
2434.000,5.40494204E-1,
2435.000,5.40105939E-1,
2436.000,5.39717853E-1,
2437.000,5.39330065E-1,
2438.000,5.38942516E-1,
2439.000,5.38555205E-1,
2440.00,5.38168252E-1,
2441.000,5.37781596E-1,
2442.000,5.37395239E-1,
2443.000,5.37009120E-1,
2444.000,5.36623240E-1,
2445.000,5.36237717E-1,
2446.000,5.35852432E-1,
2447.000,5.35467446E-1,
2448.000,5.35082757E-1,
2449.000,5.34698367E-1,
2450.00,5.34314215E-1,
2451.000,5.33930361E-1,
2452.000,5.33546865E-1,
2453.000,5.33163548E-1,
2454.000,5.32780647E-1,
2455.000,5.32397926E-1,
2456.000,5.32015562E-1,
2457.000,5.31633377E-1,
2458.000,5.31251550E-1,
2459.000,5.30870020E-1,
2460.00,5.30488729E-1,
2461.000,5.30107915E-1,
2462.000,5.29727221E-1,
2463.000,5.29346824E-1,
2464.000,5.28966725E-1,
2465.000,5.28586984E-1,
2466.000,5.28207481E-1,
2467.000,5.27828336E-1,
2468.000,5.27449369E-1,
2469.000,5.27070761E-1,
2470.00,5.26692510E-1,
2471.000,5.26314437E-1,
2472.000,5.25936723E-1,
2473.000,5.25559247E-1,
2474.000,5.25182188E-1,
2475.000,5.24805367E-1,
2476.000,5.24428785E-1,
2477.000,5.24052560E-1,
2478.000,5.23676574E-1,
2479.000,5.23300946E-1,
2480.00,5.22925615E-1,
2481.000,5.22550583E-1,
2482.000,5.22175848E-1,
2483.000,5.21801412E-1,
2484.000,5.21427274E-1,
2485.000,5.21053433E-1,
2486.000,5.20679832E-1,
2487.000,5.20306587E-1,
2488.000,5.19933760E-1,
2489.000,5.19561112E-1,
2490.00,5.19188762E-1,
2491.000,5.18816710E-1,
2492.000,5.18444955E-1,
2493.000,5.18073618E-1,
2494.000,5.17702520E-1,
2495.000,5.17331719E-1,
2496.000,5.16961217E-1,
2497.000,5.16590953E-1,
2498.000,5.16221106E-1,
2499.000,5.15851498E-1,
2500.00,5.15482247E-1,
