Labels,D4 data_June2017,
200.00,1.00000000E+0,
201.00,9.99794602E-1,
202.00,9.99618828E-1,
203.00,9.99484360E-1,
204.00,9.99391735E-1,
205.00,9.99343395E-1,
206.00,9.99338686E-1,
207.00,9.99364078E-1,
208.00,9.99395967E-1,
209.00,9.99396563E-1,
210.00,9.99318123E-1,
211.00,9.99113858E-1,
212.00,9.98723269E-1,
213.00,9.98079658E-1,
214.00,9.97122765E-1,
215.00,9.95810688E-1,
216.00,9.94113564E-1,
217.00,9.92015123E-1,
218.00,9.89509344E-1,
219.00,9.86602724E-1,
220.00,9.83316064E-1,
221.00,9.79682624E-1,
222.00,9.75741148E-1,
223.00,9.71529424E-1,
224.00,9.67093229E-1,
225.00,9.62480009E-1,
226.00,9.57718790E-1,
227.00,9.52812314E-1,
228.00,9.47743714E-1,
229.00,9.42484021E-1,
230.00,9.37009811E-1,
231.00,9.31306183E-1,
232.00,9.25361335E-1,
233.00,9.19186652E-1,
234.00,9.12793696E-1,
235.00,9.06178951E-1,
236.00,8.99337411E-1,
237.00,8.92273188E-1,
238.00,8.84997308E-1,
239.00,8.77515614E-1,
240.00,8.69829416E-1,
241.00,8.61938298E-1,
242.00,8.53836834E-1,
243.00,8.45510364E-1,
244.00,8.36939216E-1,
245.00,8.28115344E-1,
246.00,8.19044530E-1,
247.00,8.09733748E-1,
248.00,8.00190091E-1,
249.00,7.90426075E-1,
250.00,7.80462205E-1,
251.00,7.70331323E-1,
252.00,7.60075629E-1,
253.00,7.49740839E-1,
254.00,7.39368737E-1,
255.00,7.28995621E-1,
256.00,7.18655646E-1,
257.00,7.08386600E-1,
258.00,6.98225200E-1,
259.00,6.88206494E-1,
260.00,6.78364515E-1,
261.00,6.68727040E-1,
262.00,6.59316361E-1,
263.00,6.50148571E-1,
264.00,6.41237199E-1,
265.00,6.32596970E-1,
266.00,6.24238610E-1,
267.00,6.16172016E-1,
268.00,6.08403981E-1,
269.00,6.00936592E-1,
270.00,5.93768775E-1,
271.00,5.86897016E-1,
272.00,5.80315471E-1,
273.00,5.74016273E-1,
274.00,5.67989707E-1,
275.00,5.62224448E-1,
276.00,5.56707919E-1,
277.00,5.51427186E-1,
278.00,5.46367884E-1,
279.00,5.41515708E-1,
280.00,5.36856234E-1,
281.00,5.32375097E-1,
282.00,5.28056562E-1,
283.00,5.23885012E-1,
284.00,5.19845605E-1,
285.00,5.15924275E-1,
286.00,5.12108326E-1,
287.00,5.08384764E-1,
288.00,5.04741132E-1,
289.00,5.01165926E-1,
290.00,4.97648358E-1,
291.00,4.94177371E-1,
292.00,4.90741730E-1,
293.00,4.87331599E-1,
294.00,4.83938456E-1,
295.00,4.80554372E-1,
296.00,4.77172136E-1,
297.00,4.73784149E-1,
298.00,4.70382392E-1,
299.00,4.66960073E-1,
300.00,4.63511795E-1,
301.00,4.60033089E-1,
302.00,4.56519634E-1,
303.00,4.52967852E-1,
304.00,4.49374855E-1,
305.00,4.45738554E-1,
306.00,4.42057401E-1,
307.00,4.38330919E-1,
308.00,4.34558898E-1,
309.00,4.30741549E-1,
310.00,4.26879972E-1,
311.00,4.22976464E-1,
312.00,4.19034034E-1,
313.00,4.15056050E-1,
314.00,4.11046416E-1,
315.00,4.07009929E-1,
316.00,4.02951866E-1,
317.00,3.98878187E-1,
318.00,3.94795001E-1,
319.00,3.90708357E-1,
320.00,3.86623740E-1,
321.00,3.82546663E-1,
322.00,3.78482342E-1,
323.00,3.74435484E-1,
324.00,3.70410115E-1,
325.00,3.66409838E-1,
326.00,3.62437665E-1,
327.00,3.58496606E-1,
328.00,3.54589462E-1,
329.00,3.50718856E-1,
330.00,3.46886814E-1,
331.00,3.43095154E-1,
332.00,3.39345783E-1,
333.00,3.35640877E-1,
334.00,3.31983030E-1,
335.00,3.28374743E-1,
336.00,3.24818790E-1,
337.00,3.21317792E-1,
338.00,3.17874283E-1,
339.00,3.14490318E-1,
340.00,3.11167598E-1,
341.00,3.07907075E-1,
342.00,3.04709047E-1,
343.00,3.01573455E-1,
344.00,2.98499584E-1,
345.00,2.95486450E-1,
346.00,2.92532891E-1,
347.00,2.89637834E-1,
348.00,2.86800176E-1,
349.00,2.84019232E-1,
350.00,2.81294525E-1,
351.00,2.78625458E-1,
352.00,2.76011229E-1,
353.00,2.73450941E-1,
354.00,2.70943552E-1,
355.00,2.68488169E-1,
356.00,2.66084403E-1,
357.00,2.63731956E-1,
358.00,2.61430800E-1,
359.00,2.59181082E-1,
360.00,2.56982923E-1,
361.00,2.54836231E-1,
362.00,2.52740651E-1,
363.00,2.50695497E-1,
364.00,2.48699859E-1,
365.00,2.46752650E-1,
366.00,2.44852796E-1,
367.00,2.42999062E-1,
368.00,2.41190001E-1,
369.00,2.39423811E-1,
370.00,2.37698123E-1,
371.00,2.36010239E-1,
372.00,2.34357119E-1,
373.00,2.32735321E-1,
374.00,2.31141254E-1,
375.00,2.29571372E-1,
376.00,2.28022888E-1,
377.00,2.26494536E-1,
378.00,2.24986598E-1,
379.00,2.23499656E-1,
380.00,2.22034335E-1,
381.00,2.20591217E-1,
382.00,2.19170928E-1,
383.00,2.17774317E-1,
384.00,2.16403678E-1,
385.00,2.15062648E-1,
386.00,2.13755816E-1,
387.00,2.12487653E-1,
388.00,2.11261198E-1,
389.00,2.10077599E-1,
390.00,2.08936378E-1,
391.00,2.07835749E-1,
392.00,2.06772476E-1,
393.00,2.05742374E-1,
394.00,2.04741314E-1,
395.00,2.03765795E-1,
396.00,2.02811509E-1,
397.00,2.01873049E-1,
398.00,2.00944573E-1,
399.00,2.00020954E-1,
400.00,1.99098945E-1,
