Labels	T4_data_Sept2014_v2	
250.00	5.71811142E-6	
251.00	6.57071087E-6	
252.00	7.42378779E-6	
253.00	8.27799522E-6	
254.00	9.13452732E-6	
255.00	9.99700842E-6	
256.00	1.08699924E-5	
257.00	1.17576556E-5	
258.00	1.26644854E-5	
259.00	1.35953251E-5	
260.00	1.45550148E-5	
261.00	1.55477555E-5	
262.00	1.65778220E-5	
263.00	1.76500580E-5	
264.00	1.87708411E-5	
265.00	1.99460410E-5	
266.00	2.11798997E-5	
267.00	2.24780779E-5	
268.00	2.38471930E-5	
269.00	2.52953341E-5	
270.00	2.68314234E-5	
271.00	2.84646085E-5	
272.00	3.02024037E-5	
273.00	3.20504769E-5	
274.00	3.40129263E-5	
275.00	3.60935410E-5	
276.00	3.82983562E-5	
277.00	4.06344807E-5	
278.00	4.31094450E-5	
279.00	4.57324204E-5	
280.00	4.85115088E-5	
281.00	5.14539497E-5	
282.00	5.45650037E-5	
283.00	5.78489453E-5	
284.00	6.13113370E-5	
285.00	6.49576614E-5	
286.00	6.87920765E-5	
287.00	7.28183295E-5	
288.00	7.70399784E-5	
289.00	8.14601735E-5	
290.00	8.60852524E-5	
291.00	9.09240844E-5	
292.00	9.59849713E-5	
293.00	1.01275771E-4	
294.00	1.06804320E-4	
295.00	1.12580594E-4	
296.00	1.18616757E-4	
297.00	1.24925820E-4	
298.00	1.31521156E-4	
299.00	1.38415009E-4	
300.00	1.45618571E-4	
301.00	1.53144036E-4	
302.00	1.61002783E-4	
303.00	1.69207298E-4	
304.00	1.77767986E-4	
305.00	1.86693127E-4	
306.00	1.95988803E-4	
307.00	2.05660675E-4	
308.00	2.15715700E-4	
309.00	2.26160322E-4	
310.00	2.37005093E-4	
311.00	2.48263881E-4	
312.00	2.59951892E-4	
313.00	2.72086327E-4	
314.00	2.84685317E-4	
315.00	2.97768187E-4	
316.00	3.11355456E-4	
317.00	3.25468893E-4	
318.00	3.40129569E-4	
319.00	3.55360185E-4	
320.00	3.71181959E-4	
321.00	3.87074513E-4	
322.00	4.03109327E-4	
323.00	4.19516437E-4	
324.00	4.36542789E-4	
325.00	4.54287365E-4	
326.00	4.72779007E-4	
327.00	4.91994491E-4	
328.00	5.12030092E-4	
329.00	5.32855105E-4	
330.00	5.54367667E-4	
331.00	5.76535240E-4	
332.00	5.99309511E-4	
333.00	6.22679305E-4	
334.00	6.46750210E-4	
335.00	6.71674614E-4	
336.00	6.97620446E-4	
337.00	7.24668324E-4	
338.00	7.52865104E-4	
339.00	7.82259332E-4	
340.00	8.12844781E-4	
341.00	8.44643975E-4	
342.00	8.77567567E-4	
343.00	9.11489245E-4	
344.00	9.46328102E-4	
345.00	9.82073951E-4	
346.00	1.01896108E-3	
347.00	1.05732656E-3	
348.00	1.09743490E-3	
349.00	1.13945641E-3	
350.00	1.18337048E-3	
351.00	1.22904370E-3	
352.00	1.27631566E-3	
353.00	1.32516329E-3	
354.00	1.37560861E-3	
355.00	1.42768130E-3	
356.00	1.48135936E-3	
357.00	1.53661892E-3	
358.00	1.59337313E-3	
359.00	1.65162364E-3	
360.00	1.71138474E-3	
361.00	1.77260453E-3	
362.00	1.83524413E-3	
363.00	1.89939642E-3	
364.00	1.96500588E-3	
365.00	2.03200756E-3	
366.00	2.10029329E-3	
367.00	2.16991128E-3	
368.00	2.24119821E-3	
369.00	2.31445325E-3	
370.00	2.38970178E-3	
371.00	2.46683555E-3	
372.00	2.54570972E-3	
373.00	2.62614060E-3	
374.00	2.70797848E-3	
375.00	2.79116561E-3	
376.00	2.87596812E-3	
377.00	2.96268589E-3	
378.00	3.05134431E-3	
379.00	3.14188027E-3	
380.00	3.23413266E-3	
381.00	3.32790241E-3	
382.00	3.42285680E-3	
383.00	3.51870712E-3	
384.00	3.61531065E-3	
385.00	3.71275237E-3	
386.00	3.81136639E-3	
387.00	3.91145237E-3	
388.00	4.01321426E-3	
389.00	4.11689281E-3	
390.00	4.22268268E-3	
391.00	4.33060108E-3	
392.00	4.44050133E-3	
393.00	4.55239508E-3	
394.00	4.66642482E-3	
395.00	4.78264410E-3	
396.00	4.90132533E-3	
397.00	5.02266688E-3	
398.00	5.14670927E-3	
399.00	5.27352374E-3	
400.00	5.40320948E-3	
401.00	5.53597184E-3	
402.00	5.67188906E-3	
403.00	5.81096252E-3	
404.00	5.95321460E-3	
405.00	6.09861547E-3	
406.00	6.24676934E-3	
407.00	6.39716955E-3	
408.00	6.54918514E-3	
409.00	6.70213019E-3	
410.00	6.85546035E-3	
411.00	7.02429237E-3	
412.00	7.19656469E-3	
413.00	7.37231504E-3	
414.00	7.55157368E-3	
415.00	7.73437181E-3	
416.00	7.92073552E-3	
417.00	8.11068993E-3	
418.00	8.30425508E-3	
419.00	8.50145333E-3	
420.00	8.70230142E-3	
421.00	8.90681800E-3	
422.00	9.11502540E-3	
423.00	9.32693761E-3	
424.00	9.54257231E-3	
425.00	9.76194628E-3	
426.00	9.98507068E-3	
427.00	1.02119623E-2	
428.00	1.04426378E-2	
429.00	1.06771141E-2	
430.00	1.09154126E-2	
431.00	1.11575574E-2	
432.00	1.14035662E-2	
433.00	1.16534587E-2	
434.00	1.19072516E-2	
435.00	1.21649606E-2	
436.00	1.24266064E-2	
437.00	1.26922037E-2	
438.00	1.29617639E-2	
439.00	1.32353054E-2	
440.00	1.35128396E-2	
441.00	1.37943821E-2	
442.00	1.40799526E-2	
443.00	1.43695679E-2	
444.00	1.46632493E-2	
445.00	1.49610247E-2	
446.00	1.52629130E-2	
447.00	1.55689456E-2	
448.00	1.58791468E-2	
449.00	1.61935464E-2	
450.00	1.65121686E-2	
451.00	1.68350376E-2	
452.00	1.71621889E-2	
453.00	1.74936373E-2	
454.00	1.78294145E-2	
455.00	1.81695353E-2	
456.00	1.85140315E-2	
457.00	1.88629348E-2	
458.00	1.92162693E-2	
459.00	1.95740648E-2	
460.00	1.99363604E-2	
461.00	2.03031935E-2	
462.00	2.06746068E-2	
463.00	2.10506413E-2	
464.00	2.14313436E-2	
465.00	2.18167622E-2	
466.00	2.22069323E-2	
467.00	2.26019118E-2	
468.00	2.30017360E-2	
469.00	2.34064553E-2	
470.00	2.38161143E-2	
471.00	2.42307577E-2	
472.00	2.46504266E-2	
473.00	2.50751823E-2	
474.00	2.55050734E-2	
475.00	2.59401537E-2	
476.00	2.63804719E-2	
477.00	2.68260762E-2	
478.00	2.72770114E-2	
479.00	2.77333241E-2	
480.00	2.81950552E-2	
481.00	2.86622420E-2	
482.00	2.91349199E-2	
483.00	2.96131223E-2	
484.00	3.00968811E-2	
485.00	3.05862203E-2	
486.00	3.10811717E-2	
487.00	3.15817483E-2	
488.00	3.20879743E-2	
489.00	3.25998664E-2	
490.00	3.31174210E-2	
491.00	3.36406603E-2	
492.00	3.41695659E-2	
493.00	3.47041711E-2	
494.00	3.52444686E-2	
495.00	3.57904732E-2	
496.00	3.63421813E-2	
497.00	3.68995965E-2	
498.00	3.74627039E-2	
499.00	3.80315036E-2	
500.00	3.86059843E-2	
501.00	3.91861349E-2	
502.00	3.97719331E-2	
503.00	4.03633714E-2	
504.00	4.09604274E-2	
505.00	4.15630937E-2	
506.00	4.21713628E-2	
507.00	4.27852273E-2	
508.00	4.34046872E-2	
509.00	4.40297350E-2	
510.00	4.46603671E-2	
511.00	4.52965908E-2	
512.00	4.59384136E-2	
513.00	4.65858355E-2	
514.00	4.72388789E-2	
515.00	4.78975661E-2	
516.00	4.85618971E-2	
517.00	4.92319278E-2	
518.00	4.99076582E-2	
519.00	5.05891368E-2	
520.00	5.12763970E-2	
521.00	5.19694686E-2	
522.00	5.26683740E-2	
523.00	5.33731468E-2	
524.00	5.40837832E-2	
525.00	5.48002869E-2	
526.00	5.55226468E-2	
527.00	5.62508740E-2	
528.00	5.69849424E-2	
529.00	5.77248447E-2	
530.00	5.84705658E-2	
531.00	5.92220761E-2	
532.00	5.99793755E-2	
533.00	6.07424341E-2	
534.00	6.15112521E-2	
535.00	6.22857995E-2	
536.00	6.30660802E-2	
537.00	6.38520718E-2	
538.00	6.46437705E-2	
539.00	6.54411614E-2	
540.00	6.62442595E-2	
541.00	6.70530647E-2	
542.00	6.78675771E-2	
543.00	6.86878115E-2	
544.00	6.95137456E-2	
545.00	7.03453720E-2	
546.00	7.11827204E-2	
547.00	7.20257983E-2	
548.00	7.28745982E-2	
549.00	7.37291574E-2	
550.00	7.45894760E-2	
551.00	7.54594803E-2	
552.00	7.63355121E-2	
553.00	7.72175863E-2	
554.00	7.81057253E-2	
555.00	7.89999217E-2	
556.00	7.99001977E-2	
557.00	8.08065459E-2	
558.00	8.17189813E-2	
559.00	8.26375186E-2	
560.00	8.35621357E-2	
561.00	8.44928399E-2	
562.00	8.54296684E-2	
563.00	8.63725990E-2	
564.00	8.73216391E-2	
565.00	8.82767886E-2	
566.00	8.92380476E-2	
567.00	9.02054161E-2	
568.00	9.11788791E-2	
569.00	9.21584666E-2	
570.00	9.31441188E-2	
571.00	9.41358656E-2	
572.00	9.51336622E-2	
573.00	9.61375162E-2	
574.00	9.71474126E-2	
575.00	9.81633291E-2	
576.00	9.91852358E-2	
577.00	1.00213133E-1	
578.00	1.01246975E-1	
579.00	1.02286763E-1	
580.00	1.03332438E-1	
581.00	1.04383990E-1	
582.00	1.05441391E-1	
583.00	1.06504619E-1	
584.00	1.07573628E-1	
585.00	1.08648397E-1	
586.00	1.09728873E-1	
587.00	1.10815048E-1	
588.00	1.11906871E-1	
589.00	1.13004304E-1	
590.00	1.14107326E-1	
591.00	1.15215883E-1	
592.00	1.16329975E-1	
593.00	1.17449537E-1	
594.00	1.18574530E-1	
595.00	1.19704954E-1	
596.00	1.20840736E-1	
597.00	1.21981844E-1	
598.00	1.23128265E-1	
599.00	1.24279946E-1	
600.00	1.25436828E-1	
601.00	1.26598909E-1	
602.00	1.27766103E-1	
603.00	1.28938422E-1	
604.00	1.30115822E-1	
605.00	1.31298214E-1	
606.00	1.32485583E-1	
607.00	1.33677945E-1	
608.00	1.34875149E-1	
609.00	1.36077225E-1	
610.00	1.37284145E-1	
611.00	1.38495803E-1	
612.00	1.39712259E-1	
613.00	1.40933394E-1	
614.00	1.42159209E-1	
615.00	1.43389642E-1	
616.00	1.44624695E-1	
617.00	1.45864323E-1	
618.00	1.47108436E-1	
619.00	1.48357108E-1	
620.00	1.49610177E-1	
621.00	1.50867686E-1	
622.00	1.52129561E-1	
623.00	1.53395772E-1	
624.00	1.54666319E-1	
625.00	1.55941159E-1	
626.00	1.57220259E-1	
627.00	1.58503622E-1	
628.00	1.59791172E-1	
629.00	1.61082968E-1	
630.00	1.62378952E-1	
631.00	1.63679093E-1	
632.00	1.64983422E-1	
633.00	1.66291893E-1	
634.00	1.67604521E-1	
635.00	1.68921307E-1	
636.00	1.70242235E-1	
637.00	1.71567306E-1	
638.00	1.72896549E-1	
639.00	1.74229920E-1	
640.00	1.75567508E-1	
641.00	1.76909283E-1	
642.00	1.78255260E-1	
643.00	1.79605484E-1	
644.00	1.80959955E-1	
645.00	1.82318732E-1	
646.00	1.83681801E-1	
647.00	1.85049236E-1	
648.00	1.86421037E-1	
649.00	1.87797308E-1	
650.00	1.89178020E-1	
651.00	1.90563262E-1	
652.00	1.91953093E-1	
653.00	1.93347529E-1	
654.00	1.94746688E-1	
655.00	1.96150616E-1	
656.00	1.97559372E-1	
657.00	1.98973030E-1	
658.00	2.00391635E-1	
659.00	2.01815307E-1	
660.00	2.03244090E-1	
661.00	2.04678044E-1	
662.00	2.06117332E-1	
663.00	2.07561970E-1	
664.00	2.09012076E-1	
665.00	2.10467696E-1	
666.00	2.11928964E-1	
667.00	2.13395953E-1	
668.00	2.14868769E-1	
669.00	2.16347501E-1	
670.00	2.17832237E-1	
671.00	2.19323099E-1	
672.00	2.20820159E-1	
673.00	2.22323522E-1	
674.00	2.23833293E-1	
675.00	2.25349501E-1	
676.00	2.26872280E-1	
677.00	2.28401706E-1	
678.00	2.29937866E-1	
679.00	2.31480852E-1	
680.00	2.33030781E-1	
681.00	2.34587684E-1	
682.00	2.36151740E-1	
683.00	2.37722993E-1	
684.00	2.39301607E-1	
685.00	2.40887642E-1	
686.00	2.42481172E-1	
687.00	2.44082347E-1	
688.00	2.45691255E-1	
689.00	2.47307986E-1	
690.00	2.48932630E-1	
691.00	2.50565320E-1	
692.00	2.52206117E-1	
693.00	2.53855109E-1	
694.00	2.55512416E-1	
695.00	2.57178009E-1	
696.00	2.58852094E-1	
697.00	2.60534614E-1	
698.00	2.62225777E-1	
699.00	2.63925582E-1	
700.00	2.65634060E-1	
701.00	2.67351329E-1	
702.00	2.69077301E-1	
703.00	2.70812124E-1	
704.00	2.72555798E-1	
705.00	2.74308354E-1	
706.00	2.76069790E-1	
707.00	2.77840108E-1	
708.00	2.79619277E-1	
709.00	2.81407237E-1	
710.00	2.83204049E-1	
711.00	2.85009533E-1	
712.00	2.86823720E-1	
713.00	2.88646460E-1	
714.00	2.90477753E-1	
715.00	2.92317331E-1	
716.00	2.94165224E-1	
717.00	2.96021134E-1	
718.00	2.97885060E-1	
719.00	2.99756706E-1	
720.00	3.01636040E-1	
721.00	3.03522736E-1	
722.00	3.05416644E-1	
723.00	3.07317615E-1	
724.00	3.09225410E-1	
725.00	3.11139792E-1	
726.00	3.13060462E-1	
727.00	3.14987361E-1	
728.00	3.16919982E-1	
729.00	3.18858266E-1	
730.00	3.20801914E-1	
731.00	3.22750688E-1	
732.00	3.24704170E-1	
733.00	3.26662213E-1	
734.00	3.28624576E-1	
735.00	3.30590904E-1	
736.00	3.32560956E-1	
737.00	3.34534466E-1	
738.00	3.36511165E-1	
739.00	3.38490725E-1	
740.00	3.40472937E-1	
741.00	3.42457533E-1	
742.00	3.44444215E-1	
743.00	3.46432716E-1	
744.00	3.48422796E-1	
745.00	3.50414217E-1	
746.00	3.52406830E-1	
747.00	3.54400218E-1	
748.00	3.56394261E-1	
749.00	3.58388752E-1	
750.00	3.60383421E-1	
751.00	3.62378091E-1	
752.00	3.64372611E-1	
753.00	3.66366744E-1	
754.00	3.68360311E-1	
755.00	3.70353192E-1	
756.00	3.72345179E-1	
757.00	3.74336094E-1	
758.00	3.76325786E-1	
759.00	3.78314108E-1	
760.00	3.80300879E-1	
761.00	3.82285923E-1	
762.00	3.84269148E-1	
763.00	3.86250377E-1	
764.00	3.88229370E-1	
765.00	3.90206069E-1	
766.00	3.92180413E-1	
767.00	3.94152194E-1	
768.00	3.96121264E-1	
769.00	3.98087531E-1	
770.00	4.00050879E-1	
771.00	4.02011245E-1	
772.00	4.03968513E-1	
773.00	4.05922472E-1	
774.00	4.07873124E-1	
775.00	4.09820348E-1	
776.00	4.11764115E-1	
777.00	4.13704216E-1	
778.00	4.15640742E-1	
779.00	4.17573482E-1	
780.00	4.19502407E-1	
781.00	4.21427548E-1	
782.00	4.23348755E-1	
783.00	4.25265998E-1	
784.00	4.27179188E-1	
785.00	4.29088324E-1	
786.00	4.30993289E-1	
787.00	4.32894140E-1	
788.00	4.34790790E-1	
789.00	4.36683208E-1	
790.00	4.38571423E-1	
791.00	4.40455437E-1	
792.00	4.42335278E-1	
793.00	4.44211006E-1	
794.00	4.46082562E-1	
795.00	4.47950065E-1	
796.00	4.49813455E-1	
797.00	4.51672822E-1	
798.00	4.53528225E-1	
799.00	4.55379844E-1	
800.00	4.57227498E-1	
801.00	4.59071636E-1	
802.00	4.60912049E-1	
803.00	4.62749094E-1	
804.00	4.64582771E-1	
805.00	4.66413349E-1	
806.00	4.68240798E-1	
807.00	4.70065445E-1	
808.00	4.71887439E-1	
809.00	4.73706871E-1	
810.00	4.75523978E-1	
811.00	4.77338821E-1	
812.00	4.79151696E-1	
813.00	4.80962485E-1	
814.00	4.82771456E-1	
815.00	4.84578609E-1	
816.00	4.86384004E-1	
817.00	4.88187611E-1	
818.00	4.89989609E-1	
819.00	4.91789997E-1	
820.00	4.93588775E-1	
821.00	4.95386124E-1	
822.00	4.97181982E-1	
823.00	4.98976350E-1	
824.00	5.00769317E-1	
825.00	5.02560914E-1	
826.00	5.04351139E-1	
827.00	5.06139934E-1	
828.00	5.07927477E-1	
829.00	5.09713769E-1	
830.00	5.11498749E-1	
831.00	5.13282478E-1	
832.00	5.15065074E-1	
833.00	5.16846418E-1	
834.00	5.18626630E-1	
835.00	5.20405591E-1	
836.00	5.22183299E-1	
837.00	5.23959816E-1	
838.00	5.25735140E-1	
839.00	5.27509093E-1	
840.00	5.29281735E-1	
841.00	5.31052768E-1	
842.00	5.32822251E-1	
843.00	5.34590185E-1	
844.00	5.36356270E-1	
845.00	5.38120687E-1	
846.00	5.39883316E-1	
847.00	5.41643739E-1	
848.00	5.43402135E-1	
849.00	5.45158446E-1	
850.00	5.46912313E-1	
851.00	5.48663795E-1	
852.00	5.50412714E-1	
853.00	5.52158952E-1	
854.00	5.53902388E-1	
855.00	5.55643022E-1	
856.00	5.57380557E-1	
857.00	5.59114933E-1	
858.00	5.60845971E-1	
859.00	5.62573731E-1	
860.00	5.64298034E-1	
861.00	5.66018581E-1	
862.00	5.67735493E-1	
863.00	5.69448590E-1	
864.00	5.71157813E-1	
865.00	5.72863102E-1	
866.00	5.74564457E-1	
867.00	5.76261640E-1	
868.00	5.77954650E-1	
869.00	5.79643488E-1	
870.00	5.81328034E-1	
871.00	5.83008409E-1	
872.00	5.84684610E-1	
873.00	5.86356401E-1	
874.00	5.88024080E-1	
875.00	5.89687288E-1	
876.00	5.91346562E-1	
877.00	5.93001425E-1	
878.00	5.94652236E-1	
879.00	5.96298873E-1	
880.00	5.97941458E-1	
881.00	5.99580050E-1	
882.00	6.01214409E-1	
883.00	6.02844894E-1	
884.00	6.04471445E-1	
885.00	6.06094003E-1	
886.00	6.07712686E-1	
887.00	6.09327614E-1	
888.00	6.10938668E-1	
889.00	6.12546086E-1	
890.00	6.14149690E-1	
891.00	6.15749657E-1	
892.00	6.17345870E-1	
893.00	6.18938744E-1	
894.00	6.20527983E-1	
895.00	6.22113824E-1	
896.00	6.23696148E-1	
897.00	6.25275016E-1	
898.00	6.26850486E-1	
899.00	6.28422737E-1	
900.00	6.29991651E-1	
901.00	6.31557345E-1	
902.00	6.33119762E-1	
903.00	6.34679139E-1	
904.00	6.36235535E-1	
905.00	6.37788892E-1	
906.00	6.39339328E-1	
907.00	6.40886962E-1	
908.00	6.42431974E-1	
909.00	6.43974185E-1	
910.00	6.45513892E-1	
911.00	6.47051096E-1	
912.00	6.48585737E-1	
913.00	6.50117934E-1	
914.00	6.51647687E-1	
915.00	6.53175294E-1	
916.00	6.54700458E-1	
917.00	6.56223416E-1	
918.00	6.57744408E-1	
919.00	6.59263074E-1	
920.00	6.60779715E-1	
921.00	6.62294269E-1	
922.00	6.63806915E-1	
923.00	6.65317416E-1	
924.00	6.66825891E-1	
925.00	6.68332279E-1	
926.00	6.69836640E-1	
927.00	6.71338797E-1	
928.00	6.72838867E-1	
929.00	6.74336672E-1	
930.00	6.75832212E-1	
931.00	6.77325428E-1	
932.00	6.78816199E-1	
933.00	6.80304587E-1	
934.00	6.81790531E-1	
935.00	6.83273852E-1	
936.00	6.84754670E-1	
937.00	6.86232924E-1	
938.00	6.87708616E-1	
939.00	6.89181685E-1	
940.00	6.90652072E-1	
941.00	6.92119896E-1	
942.00	6.93585157E-1	
943.00	6.95047736E-1	
944.00	6.96507692E-1	
945.00	6.97965205E-1	
946.00	6.99419916E-1	
947.00	7.00872064E-1	
948.00	7.02321529E-1	
949.00	7.03768432E-1	
950.00	7.05212712E-1	
951.00	7.06654310E-1	
952.00	7.08093345E-1	
953.00	7.09529638E-1	
954.00	7.10963368E-1	
955.00	7.12394476E-1	
956.00	7.13822782E-1	
957.00	7.15248585E-1	
958.00	7.16671646E-1	
959.00	7.18092024E-1	
960.00	7.19509542E-1	
961.00	7.20924377E-1	
962.00	7.22336233E-1	
963.00	7.23745346E-1	
964.00	7.25151479E-1	
965.00	7.26554513E-1	
966.00	7.27954626E-1	
967.00	7.29351342E-1	
968.00	7.30745137E-1	
969.00	7.32135653E-1	
970.00	7.33522952E-1	
971.00	7.34907031E-1	
972.00	7.36287892E-1	
973.00	7.37665594E-1	
974.00	7.39040077E-1	
975.00	7.40411580E-1	
976.00	7.41779804E-1	
977.00	7.43145108E-1	
978.00	7.44507432E-1	
979.00	7.45866716E-1	
980.00	7.47222900E-1	
981.00	7.48576224E-1	
982.00	7.49926329E-1	
983.00	7.51273572E-1	
984.00	7.52617598E-1	
985.00	7.53958523E-1	
986.00	7.55296350E-1	
987.00	7.56631076E-1	
988.00	7.57962406E-1	
989.00	7.59290636E-1	
990.00	7.60615528E-1	
991.00	7.61937082E-1	
992.00	7.63255239E-1	
993.00	7.64570117E-1	
994.00	7.65881479E-1	
995.00	7.67189384E-1	
996.00	7.68493891E-1	
997.00	7.69794881E-1	
998.00	7.71092236E-1	
999.00	7.72386074E-1	
1000.00	7.73676276E-1	
1001.000	7.74962902E-1	
1002.000	7.76245892E-1	
1003.000	7.77525306E-1	
1004.000	7.78801143E-1	
1005.000	7.80073464E-1	
1006.000	7.81342208E-1	
1007.000	7.82607377E-1	
1008.000	7.83869147E-1	
1009.000	7.85127282E-1	
1010.00	7.86381960E-1	
1011.000	7.87632883E-1	
1012.000	7.88880348E-1	
1013.000	7.90124178E-1	
1014.000	7.91364372E-1	
1015.000	7.92600632E-1	
1016.000	7.93833315E-1	
1017.000	7.95062244E-1	
1018.000	7.96287298E-1	
1019.000	7.97508538E-1	
1020.00	7.98725963E-1	
1021.000	7.99939573E-1	
1022.000	8.01149130E-1	
1023.000	8.02354813E-1	
1024.000	8.03556561E-1	
1025.000	8.04754317E-1	
1026.000	8.05948079E-1	
1027.000	8.07137847E-1	
1028.000	8.08323681E-1	
1029.000	8.09505224E-1	
1030.00	8.10682952E-1	
1031.000	8.11856627E-1	
1032.000	8.13026369E-1	
1033.000	8.14192116E-1	
1034.000	8.15353990E-1	
1035.000	8.16511929E-1	
1036.000	8.17666233E-1	
1037.000	8.18816483E-1	
1038.000	8.19963038E-1	
1039.000	8.21105838E-1	
1040.00	8.22244942E-1	
1041.000	8.23380232E-1	
1042.000	8.24511826E-1	
1043.000	8.25639784E-1	
1044.000	8.26763988E-1	
1045.000	8.27884555E-1	
1046.000	8.29001367E-1	
1047.000	8.30114484E-1	
1048.000	8.31223965E-1	
1049.000	8.32329512E-1	
1050.00	8.33431363E-1	
1051.000	8.34529459E-1	
1052.000	8.35623682E-1	
1053.000	8.36714029E-1	
1054.000	8.37800562E-1	
1055.000	8.38883102E-1	
1056.000	8.39961708E-1	
1057.000	8.41036260E-1	
1058.000	8.42106760E-1	
1059.000	8.43173146E-1	
1060.00	8.44235420E-1	
1061.000	8.45293581E-1	
1062.000	8.46347570E-1	
1063.000	8.47397506E-1	
1064.000	8.48443031E-1	
1065.000	8.49484444E-1	
1066.000	8.50521803E-1	
1067.000	8.51554751E-1	
1068.000	8.52583528E-1	
1069.000	8.53608012E-1	
1070.00	8.54628503E-1	
1071.000	8.55644584E-1	
1072.000	8.56656551E-1	
1073.000	8.57664347E-1	
1074.000	8.58667850E-1	
1075.000	8.59667361E-1	
1076.000	8.60662520E-1	
1077.000	8.61653745E-1	
1078.000	8.62640619E-1	
1079.000	8.63623500E-1	
1080.00	8.64602149E-1	
1081.000	8.65576625E-1	
1082.000	8.66546988E-1	
1083.000	8.67513180E-1	
1084.000	8.68475378E-1	
1085.000	8.69433522E-1	
1086.000	8.70387554E-1	
1087.000	8.71337593E-1	
1088.000	8.72283638E-1	
1089.000	8.73225629E-1	
1090.00	8.74163687E-1	
1091.000	8.75097752E-1	
1092.000	8.76027822E-1	
1093.000	8.76953900E-1	
1094.000	8.77875984E-1	
1095.000	8.78794074E-1	
1096.000	8.79708111E-1	
1097.000	8.80617917E-1	
1098.000	8.81523728E-1	
1099.000	8.82425487E-1	
1100.00	8.83323014E-1	
1101.000	8.84216428E-1	
1102.000	8.85105669E-1	
1103.000	8.85990739E-1	
1104.000	8.86871517E-1	
1105.000	8.87748241E-1	
1106.000	8.88620794E-1	
1107.000	8.89489174E-1	
1108.000	8.90353441E-1	
1109.000	8.91213596E-1	
1110.00	8.92069638E-1	
1111.000	8.92921686E-1	
1112.000	8.93769741E-1	
1113.000	8.94613743E-1	
1114.000	8.95453870E-1	
1115.000	8.96290064E-1	
1116.000	8.97122264E-1	
1117.000	8.97950649E-1	
1118.000	8.98775280E-1	
1119.000	8.99596214E-1	
1120.00	9.00413394E-1	
1121.000	9.01226938E-1	
1122.000	9.02036786E-1	
1123.000	9.02842999E-1	
1124.000	9.03645694E-1	
1125.000	9.04444754E-1	
1126.000	9.05240178E-1	
1127.000	9.06032026E-1	
1128.000	9.06820357E-1	
1129.000	9.07604933E-1	
1130.00	9.08385873E-1	
1131.000	9.09163356E-1	
1132.000	9.09937143E-1	
1133.000	9.10707414E-1	
1134.000	9.11474109E-1	
1135.000	9.12236929E-1	
1136.000	9.12996113E-1	
1137.000	9.13751483E-1	
1138.000	9.14503098E-1	
1139.000	9.15250778E-1	
1140.00	9.15994644E-1	
1141.000	9.16734457E-1	
1142.000	9.17470396E-1	
1143.000	9.18202221E-1	
1144.000	9.18929994E-1	
1145.000	9.19653535E-1	
1146.000	9.20372963E-1	
1147.000	9.21088040E-1	
1148.000	9.21798944E-1	
1149.000	9.22505558E-1	
1150.00	9.23207879E-1	
1151.000	9.23905790E-1	
1152.000	9.24599290E-1	
1153.000	9.25288498E-1	
1154.000	9.25973237E-1	
1155.000	9.26653624E-1	
1156.000	9.27329600E-1	
1157.000	9.28001344E-1	
1158.000	9.28668559E-1	
1159.000	9.29331422E-1	
1160.00	9.29989815E-1	
1161.000	9.30643976E-1	
1162.000	9.31293666E-1	
1163.000	9.31939125E-1	
1164.000	9.32579994E-1	
1165.000	9.33216631E-1	
1166.000	9.33848858E-1	
1167.000	9.34476614E-1	
1168.000	9.35100019E-1	
1169.000	9.35719013E-1	
1170.00	9.36333597E-1	
1171.000	9.36943829E-1	
1172.000	9.37549531E-1	
1173.000	9.38150942E-1	
1174.000	9.38747883E-1	
1175.000	9.39340532E-1	
1176.000	9.39928949E-1	
1177.000	9.40513313E-1	
1178.000	9.41093564E-1	
1179.000	9.41669881E-1	
1180.00	9.42242265E-1	
1181.000	9.42810893E-1	
1182.000	9.43375945E-1	
1183.000	9.43937480E-1	
1184.000	9.44495499E-1	
1185.000	9.45050180E-1	
1186.000	9.45601404E-1	
1187.000	9.46149647E-1	
1188.000	9.46694553E-1	
1189.000	9.47236478E-1	
1190.00	9.47775304E-1	
1191.000	9.48311150E-1	
1192.000	9.48844016E-1	
1193.000	9.49373782E-1	
1194.000	9.49900806E-1	
1195.000	9.50424433E-1	
1196.000	9.50945258E-1	
1197.000	9.51462805E-1	
1198.000	9.51977313E-1	
1199.000	9.52488363E-1	
1200.00	9.52996194E-1	
1201.000	9.53500688E-1	
1202.000	9.54001963E-1	
1203.000	9.54499960E-1	
1204.000	9.54994857E-1	
1205.000	9.55486715E-1	
1206.000	9.55975890E-1	
1207.000	9.56462443E-1	
1208.000	9.56946611E-1	
1209.000	9.57428396E-1	
1210.00	9.57908034E-1	
1211.000	9.58385527E-1	
1212.000	9.58861232E-1	
1213.000	9.59334970E-1	
1214.000	9.59806919E-1	
1215.000	9.60277259E-1	
1216.000	9.60745692E-1	
1217.000	9.61212516E-1	
1218.000	9.61677849E-1	
1219.000	9.62141633E-1	
1220.00	9.62603629E-1	
1221.000	9.63064194E-1	
1222.000	9.63522971E-1	
1223.000	9.63979900E-1	
1224.000	9.64435041E-1	
1225.000	9.64888155E-1	
1226.000	9.65339422E-1	
1227.000	9.65788364E-1	
1228.000	9.66235220E-1	
1229.000	9.66679573E-1	
1230.00	9.67121542E-1	
1231.000	9.67561066E-1	
1232.000	9.67997968E-1	
1233.000	9.68432069E-1	
1234.000	9.68863368E-1	
1235.000	9.69291985E-1	
1236.000	9.69717622E-1	
1237.000	9.70140338E-1	
1238.000	9.70560372E-1	
1239.000	9.70977426E-1	
1240.00	9.71391618E-1	
1241.000	9.71802771E-1	
1242.000	9.72211182E-1	
1243.000	9.72616613E-1	
1244.000	9.73019063E-1	
1245.000	9.73418653E-1	
1246.000	9.73815203E-1	
1247.000	9.74208772E-1	
1248.000	9.74599481E-1	
1249.000	9.74987209E-1	
1250.00	9.75371897E-1	
1251.000	9.75753546E-1	
1252.000	9.76132274E-1	
1253.000	9.76508021E-1	
1254.000	9.76880729E-1	
1255.000	9.77250278E-1	
1256.000	9.77616727E-1	
1257.000	9.77979958E-1	
1258.000	9.78340089E-1	
1259.000	9.78697062E-1	
1260.00	9.79050756E-1	
1261.000	9.79401171E-1	
1262.000	9.79748249E-1	
1263.000	9.80091989E-1	
1264.000	9.80432332E-1	
1265.000	9.80769455E-1	
1266.000	9.81102943E-1	
1267.000	9.81433094E-1	
1268.000	9.81759667E-1	
1269.000	9.82082963E-1	
1270.00	9.82402802E-1	
1271.000	9.82719004E-1	
1272.000	9.83031869E-1	
1273.000	9.83341157E-1	
1274.000	9.83647108E-1	
1275.000	9.83949542E-1	
1276.000	9.84248459E-1	
1277.000	9.84544039E-1	
1278.000	9.84836221E-1	
1279.000	9.85124886E-1	
1280.00	9.85410154E-1	
1281.000	9.85692143E-1	
1282.000	9.85970795E-1	
1283.000	9.86246288E-1	
1284.000	9.86518383E-1	
1285.000	9.86787081E-1	
1286.000	9.87052560E-1	
1287.000	9.87314880E-1	
1288.000	9.87573802E-1	
1289.000	9.87829566E-1	
1290.00	9.88082111E-1	
1291.000	9.88331318E-1	
1292.000	9.88577425E-1	
1293.000	9.88820314E-1	
1294.000	9.89060104E-1	
1295.000	9.89296913E-1	
1296.000	9.89530504E-1	
1297.000	9.89761233E-1	
1298.000	9.89988863E-1	
1299.000	9.90213633E-1	
1300.00	9.90435183E-1	
1301.000	9.90653932E-1	
1302.000	9.90869820E-1	
1303.000	9.91082728E-1	
1304.000	9.91292715E-1	
1305.000	9.91500080E-1	
1306.000	9.91704702E-1	
1307.000	9.91906762E-1	
1308.000	9.92106259E-1	
1309.000	9.92303193E-1	
1310.00	9.92497802E-1	
1311.000	9.92690265E-1	
1312.000	9.92880225E-1	
1313.000	9.93068337E-1	
1314.000	9.93254125E-1	
1315.000	9.93438125E-1	
1316.000	9.93620217E-1	
1317.000	9.93800461E-1	
1318.000	9.93979037E-1	
1319.000	9.94156063E-1	
1320.00	9.94331300E-1	
1321.000	9.94505048E-1	
1322.000	9.94676948E-1	
1323.000	9.94847238E-1	
1324.000	9.95015860E-1	
1325.000	9.95182693E-1	
1326.000	9.95347857E-1	
1327.000	9.95511413E-1	
1328.000	9.95673060E-1	
1329.000	9.95832920E-1	
1330.00	9.95990992E-1	
1331.000	9.96146977E-1	
1332.000	9.96301115E-1	
1333.000	9.96453226E-1	
1334.000	9.96603131E-1	
1335.000	9.96750951E-1	
1336.000	9.96896386E-1	
1337.000	9.97039258E-1	
1338.000	9.97179747E-1	
1339.000	9.97317433E-1	
1340.00	9.97452497E-1	
1341.000	9.97584939E-1	
1342.000	9.97714341E-1	
1343.000	9.97841120E-1	
1344.000	9.97964799E-1	
1345.000	9.98085320E-1	
1346.000	9.98202801E-1	
1347.000	9.98316944E-1	
1348.000	9.98427987E-1	
1349.000	9.98535633E-1	
1350.00	9.98639762E-1	
1351.000	9.98740315E-1	
1352.000	9.98837411E-1	
1353.000	9.98930991E-1	
1354.000	9.99020636E-1	
1355.000	9.99106765E-1	
1356.000	9.99188840E-1	
1357.000	9.99267101E-1	
1358.000	9.99341607E-1	
1359.000	9.99412000E-1	
1360.00	9.99478459E-1	
1361.000	9.99540985E-1	
1362.000	9.99599576E-1	
1363.000	9.99654233E-1	
1364.000	9.99704957E-1	
1365.000	9.99751568E-1	
1366.000	9.99794304E-1	
1367.000	9.99832809E-1	
1368.000	9.99867380E-1	
1369.000	9.99897897E-1	
1370.00	9.99924362E-1	
1371.000	9.99946833E-1	
1372.000	9.99965370E-1	
1373.000	9.99979973E-1	
1374.000	9.99990463E-1	
1375.000	9.99997139E-1	
1376.000	1.00000000E+0	
1377.000	9.99999106E-1	
1378.000	9.99994457E-1	
1379.000	9.99986172E-1	
1380.00	9.99974191E-1	
1381.000	9.99958813E-1	
1382.000	9.99939859E-1	
1383.000	9.99917507E-1	
1384.000	9.99891818E-1	
1385.000	9.99862611E-1	
1386.000	9.99830365E-1	
1387.000	9.99794722E-1	
1388.000	9.99755979E-1	
1389.000	9.99714136E-1	
1390.00	9.99669194E-1	
1391.000	9.99621391E-1	
1392.000	9.99570549E-1	
1393.000	9.99516845E-1	
1394.000	9.99460399E-1	
1395.000	9.99401152E-1	
1396.000	9.99339283E-1	
1397.000	9.99274850E-1	
1398.000	9.99207854E-1	
1399.000	9.99138534E-1	
1400.00	9.99067008E-1	
1401.000	9.98993158E-1	
1402.000	9.98917103E-1	
1403.000	9.98838961E-1	
1404.000	9.98758912E-1	
1405.000	9.98676896E-1	
1406.000	9.98593211E-1	
1407.000	9.98507619E-1	
1408.000	9.98420119E-1	
1409.000	9.98331368E-1	
1410.00	9.98240769E-1	
1411.000	9.98148799E-1	
1412.000	9.98055339E-1	
1413.000	9.97960687E-1	
1414.000	9.97864783E-1	
1415.000	9.97767687E-1	
1416.000	9.97669637E-1	
1417.000	9.97570455E-1	
1418.000	9.97470260E-1	
1419.000	9.97369349E-1	
1420.00	9.97267544E-1	
1421.000	9.97165024E-1	
1422.000	9.97061729E-1	
1423.000	9.96957719E-1	
1424.000	9.96853113E-1	
1425.000	9.96747971E-1	
1426.000	9.96642113E-1	
1427.000	9.96535599E-1	
1428.000	9.96428549E-1	
1429.000	9.96320844E-1	
1430.00	9.96212304E-1	
1431.000	9.96103287E-1	
1432.000	9.95993316E-1	
1433.000	9.95882928E-1	
1434.000	9.95771825E-1	
1435.000	9.95660007E-1	
1436.000	9.95547593E-1	
1437.000	9.95434821E-1	
1438.000	9.95321333E-1	
1439.000	9.95207191E-1	
1440.00	9.95092571E-1	
1441.000	9.94977415E-1	
1442.000	9.94861662E-1	
1443.000	9.94745195E-1	
1444.000	9.94628131E-1	
1445.000	9.94510472E-1	
1446.000	9.94392097E-1	
1447.000	9.94273186E-1	
1448.000	9.94153619E-1	
1449.000	9.94033396E-1	
1450.00	9.93912637E-1	
1451.000	9.93791163E-1	
1452.000	9.93669152E-1	
1453.000	9.93546367E-1	
1454.000	9.93423283E-1	
1455.000	9.93299723E-1	
1456.000	9.93175387E-1	
1457.000	9.93050754E-1	
1458.000	9.92925525E-1	
1459.000	9.92799878E-1	
1460.00	9.92673635E-1	
1461.000	9.92547095E-1	
1462.000	9.92420018E-1	
1463.000	9.92292464E-1	
1464.000	9.92164373E-1	
1465.000	9.92035747E-1	
1466.000	9.91906643E-1	
1467.000	9.91777003E-1	
1468.000	9.91646767E-1	
1469.000	9.91516054E-1	
1470.00	9.91384983E-1	
1471.000	9.91253197E-1	
1472.000	9.91120994E-1	
1473.000	9.90988076E-1	
1474.000	9.90854442E-1	
1475.000	9.90720153E-1	
1476.000	9.90585089E-1	
1477.000	9.90449131E-1	
1478.000	9.90312278E-1	
1479.000	9.90174234E-1	
1480.00	9.90035236E-1	
1481.000	9.89894867E-1	
1482.000	9.89753485E-1	
1483.000	9.89610553E-1	
1484.000	9.89466190E-1	
1485.000	9.89320636E-1	
1486.000	9.89173174E-1	
1487.000	9.89024341E-1	
1488.000	9.88873661E-1	
1489.000	9.88721430E-1	
1490.00	9.88567233E-1	
1491.000	9.88411129E-1	
1492.000	9.88252997E-1	
1493.000	9.88092959E-1	
1494.000	9.87930715E-1	
1495.000	9.87766325E-1	
1496.000	9.87599909E-1	
1497.000	9.87431347E-1	
1498.000	9.87260520E-1	
1499.000	9.87087429E-1	
1500.00	9.86912072E-1	
1501.000	9.86734748E-1	
1502.000	9.86554921E-1	
1503.000	9.86373246E-1	
1504.000	9.86189365E-1	
1505.000	9.86003280E-1	
1506.000	9.85815167E-1	
1507.000	9.85625148E-1	
1508.000	9.85433102E-1	
1509.000	9.85239089E-1	
1510.00	9.85043406E-1	
1511.000	9.84845638E-1	
1512.000	9.84646261E-1	
1513.000	9.84445214E-1	
1514.000	9.84242141E-1	
1515.000	9.84037578E-1	
1516.000	9.83831108E-1	
1517.000	9.83623028E-1	
1518.000	9.83413279E-1	
1519.000	9.83201563E-1	
1520.00	9.82988477E-1	
1521.000	9.82773542E-1	
1522.000	9.82556999E-1	
1523.000	9.82339263E-1	
1524.000	9.82119918E-1	
1525.000	9.81899381E-1	
1526.000	9.81677711E-1	
1527.000	9.81454790E-1	
1528.000	9.81230915E-1	
1529.000	9.81005847E-1	
1530.00	9.80779886E-1	
1531.000	9.80552793E-1	
1532.000	9.80324745E-1	
1533.000	9.80095804E-1	
1534.000	9.79865849E-1	
1535.000	9.79634762E-1	
1536.000	9.79402840E-1	
1537.000	9.79170024E-1	
1538.000	9.78935957E-1	
1539.000	9.78700936E-1	
1540.00	9.78464901E-1	
1541.000	9.78227615E-1	
1542.000	9.77989256E-1	
1543.000	9.77749705E-1	
1544.000	9.77508903E-1	
1545.000	9.77266669E-1	
1546.000	9.77023065E-1	
1547.000	9.76778209E-1	
1548.000	9.76531744E-1	
1549.000	9.76283848E-1	
1550.00	9.76034284E-1	
1551.000	9.75783229E-1	
1552.000	9.75530565E-1	
1553.000	9.75276470E-1	
1554.000	9.75020647E-1	
1555.000	9.74763215E-1	
1556.000	9.74503934E-1	
1557.000	9.74243104E-1	
1558.000	9.73980486E-1	
1559.000	9.73716140E-1	
1560.00	9.73449945E-1	
1561.000	9.73181903E-1	
1562.000	9.72912431E-1	
1563.000	9.72640991E-1	
1564.000	9.72368062E-1	
1565.000	9.72093403E-1	
1566.000	9.71817434E-1	
1567.000	9.71539617E-1	
1568.000	9.71260548E-1	
1569.000	9.70979869E-1	
1570.00	9.70697880E-1	
1571.000	9.70414460E-1	
1572.000	9.70129848E-1	
1573.000	9.69843984E-1	
1574.000	9.69556868E-1	
1575.000	9.69268799E-1	
1576.000	9.68979776E-1	
1577.000	9.68689919E-1	
1578.000	9.68399048E-1	
1579.000	9.68107700E-1	
1580.00	9.67815399E-1	
1581.000	9.67522681E-1	
1582.000	9.67229426E-1	
1583.000	9.66935873E-1	
1584.000	9.66642201E-1	
1585.000	9.66348231E-1	
1586.000	9.66054201E-1	
1587.000	9.65760231E-1	
1588.000	9.65466321E-1	
1589.000	9.65172470E-1	
1590.00	9.64878976E-1	
1591.000	9.64585841E-1	
1592.000	9.64292765E-1	
1593.000	9.64000285E-1	
1594.000	9.63707745E-1	
1595.000	9.63415623E-1	
1596.000	9.63123560E-1	
1597.000	9.62831676E-1	
1598.000	9.62539732E-1	
1599.000	9.62248147E-1	
1600.00	9.61956441E-1	
1601.000	9.61614072E-1	
1602.000	9.61271465E-1	
1603.000	9.60927486E-1	
1604.000	9.60582614E-1	
1605.000	9.60236490E-1	
1606.000	9.59889531E-1	
1607.000	9.59541321E-1	
1608.000	9.59192395E-1	
1609.000	9.58842337E-1	
1610.00	9.58491325E-1	
1611.000	9.58139539E-1	
1612.000	9.57786322E-1	
1613.000	9.57432389E-1	
1614.000	9.57077682E-1	
1615.000	9.56721723E-1	
1616.000	9.56365049E-1	
1617.000	9.56007540E-1	
1618.000	9.55648720E-1	
1619.000	9.55289245E-1	
1620.00	9.54928875E-1	
1621.000	9.54567492E-1	
1622.000	9.54205394E-1	
1623.000	9.53842461E-1	
1624.000	9.53478336E-1	
1625.000	9.53113496E-1	
1626.000	9.52747822E-1	
1627.000	9.52381194E-1	
1628.000	9.52013731E-1	
1629.000	9.51645732E-1	
1630.00	9.51276362E-1	
1631.000	9.50906456E-1	
1632.000	9.50535834E-1	
1633.000	9.50164378E-1	
1634.000	9.49792147E-1	
1635.000	9.49419081E-1	
1636.000	9.49045002E-1	
1637.000	9.48670208E-1	
1638.000	9.48294818E-1	
1639.000	9.47918832E-1	
1640.00	9.47541714E-1	
1641.000	9.47163999E-1	
1642.000	9.46785450E-1	
1643.000	9.46406245E-1	
1644.000	9.46026325E-1	
1645.000	9.45645690E-1	
1646.000	9.45264399E-1	
1647.000	9.44882333E-1	
1648.000	9.44499493E-1	
1649.000	9.44116056E-1	
1650.00	9.43731904E-1	
1651.000	9.43347216E-1	
1652.000	9.42961574E-1	
1653.000	9.42575514E-1	
1654.000	9.42188561E-1	
1655.000	9.41801310E-1	
1656.000	9.41413283E-1	
1657.000	9.41024542E-1	
1658.000	9.40635204E-1	
1659.000	9.40245271E-1	
1660.00	9.39854801E-1	
1661.000	9.39463615E-1	
1662.000	9.39071953E-1	
1663.000	9.38679695E-1	
1664.000	9.38286781E-1	
1665.000	9.37893212E-1	
1666.000	9.37499285E-1	
1667.000	9.37104702E-1	
1668.000	9.36709821E-1	
1669.000	9.36313868E-1	
1670.00	9.35917854E-1	
1671.000	9.35521066E-1	
1672.000	9.35123980E-1	
1673.000	9.34726298E-1	
1674.000	9.34328139E-1	
1675.000	9.33929265E-1	
1676.000	9.33530271E-1	
1677.000	9.33130503E-1	
1678.000	9.32730377E-1	
1679.000	9.32329834E-1	
1680.00	9.31928813E-1	
1681.000	9.31527495E-1	
1682.000	9.31125462E-1	
1683.000	9.30723071E-1	
1684.000	9.30320382E-1	
1685.000	9.29917157E-1	
1686.000	9.29513752E-1	
1687.000	9.29109871E-1	
1688.000	9.28705335E-1	
1689.000	9.28300679E-1	
1690.00	9.27895486E-1	
1691.000	9.27489817E-1	
1692.000	9.27084088E-1	
1693.000	9.26677883E-1	
1694.000	9.26271319E-1	
1695.000	9.25864577E-1	
1696.000	9.25457418E-1	
1697.000	9.25049782E-1	
1698.000	9.24642086E-1	
1699.000	9.24233973E-1	
1700.00	9.23825562E-1	
1701.000	9.23416734E-1	
1702.000	9.23007905E-1	
1703.000	9.22598541E-1	
1704.000	9.22188938E-1	
1705.000	9.21779096E-1	
1706.000	9.21368957E-1	
1707.000	9.20958757E-1	
1708.000	9.20548260E-1	
1709.000	9.20137346E-1	
1710.00	9.19726551E-1	
1711.000	9.19315338E-1	
1712.000	9.18903828E-1	
1713.000	9.18492496E-1	
1714.000	9.18080628E-1	
1715.000	9.17668700E-1	
1716.000	9.17256534E-1	
1717.000	9.16844130E-1	
1718.000	9.16431963E-1	
1719.000	9.16019261E-1	
1720.00	9.15606558E-1	
1721.000	9.15193737E-1	
1722.000	9.14780796E-1	
1723.000	9.14367557E-1	
1724.000	9.13954258E-1	
1725.000	9.13541019E-1	
1726.000	9.13127780E-1	
1727.000	9.12714422E-1	
1728.000	9.12300825E-1	
1729.000	9.11887228E-1	
1730.00	9.11473334E-1	
1731.000	9.11059499E-1	
1732.000	9.10645902E-1	
1733.000	9.10232067E-1	
1734.000	9.09818411E-1	
1735.000	9.09404576E-1	
1736.000	9.08990622E-1	
1737.000	9.08576906E-1	
1738.000	9.08162951E-1	
1739.000	9.07749057E-1	
1740.00	9.07335222E-1	
1741.000	9.06921387E-1	
1742.000	9.06507671E-1	
1743.000	9.06093836E-1	
1744.000	9.05680358E-1	
1745.000	9.05266404E-1	
1746.000	9.04852867E-1	
1747.000	9.04439390E-1	
1748.000	9.04025972E-1	
1749.000	9.03612792E-1	
1750.00	9.03199673E-1	
1751.000	9.02786434E-1	
1752.000	9.02373493E-1	
1753.000	9.01960790E-1	
1754.000	9.01547849E-1	
1755.000	9.01135325E-1	
1756.000	9.00722682E-1	
1757.000	9.00310457E-1	
1758.000	8.99898291E-1	
1759.000	8.99486244E-1	
1760.00	8.99074554E-1	
1761.000	8.98662865E-1	
1762.000	8.98251355E-1	
1763.000	8.97840142E-1	
1764.000	8.97429168E-1	
1765.000	8.97018313E-1	
1766.000	8.96607637E-1	
1767.000	8.96197379E-1	
1768.000	8.95787299E-1	
1769.000	8.95377398E-1	
1770.00	8.94967616E-1	
1771.000	8.94558489E-1	
1772.000	8.94149244E-1	
1773.000	8.93740296E-1	
1774.000	8.93332005E-1	
1775.000	8.92923653E-1	
1776.000	8.92515719E-1	
1777.000	8.92108023E-1	
1778.000	8.91700804E-1	
1779.000	8.91293645E-1	
1780.00	8.90887022E-1	
1781.000	8.90480518E-1	
1782.000	8.90074611E-1	
1783.000	8.89669001E-1	
1784.000	8.89263809E-1	
1785.000	8.88858855E-1	
1786.000	8.88454378E-1	
1787.000	8.88050020E-1	
1788.000	8.87646317E-1	
1789.000	8.87243032E-1	
1790.00	8.86839867E-1	
1791.000	8.86437476E-1	
1792.000	8.86035383E-1	
1793.000	8.85633647E-1	
1794.000	8.85232389E-1	
1795.000	8.84831488E-1	
1796.000	8.84431064E-1	
1797.000	8.84031236E-1	
1798.000	8.83631945E-1	
1799.000	8.83232892E-1	
1800.00	8.82834375E-1	
