Labels,T6 data_Apr2019_Fluoracle2,
300.00,1.20045399E-4,
301.00,1.26203056E-4,
302.00,1.32531466E-4,
303.00,1.39106633E-4,
304.00,1.45974249E-4,
305.00,1.53095476E-4,
306.00,1.60437485E-4,
307.00,1.68051032E-4,
308.00,1.75960202E-4,
309.00,1.84208679E-4,
310.00,1.92828404E-4,
311.00,2.01859453E-4,
312.00,2.11317325E-4,
313.00,2.21199778E-4,
314.00,2.31488404E-4,
315.00,2.42137874E-4,
316.00,2.53118051E-4,
317.00,2.64551752E-4,
318.00,2.76577106E-4,
319.00,2.89194257E-4,
320.00,3.02401284E-4,
321.00,3.16123187E-4,
322.00,3.30262701E-4,
323.00,3.44771048E-4,
324.00,3.59709316E-4,
325.00,3.75176751E-4,
326.00,3.91268724E-4,
327.00,4.08105290E-4,
328.00,4.25810256E-4,
329.00,4.44437814E-4,
330.00,4.63880482E-4,
331.00,4.83940385E-4,
332.00,5.04445576E-4,
333.00,5.25386422E-4,
334.00,5.46876283E-4,
335.00,5.68992808E-4,
336.00,5.91762771E-4,
337.00,6.15236058E-4,
338.00,6.39477337E-4,
339.00,6.64634572E-4,
340.00,6.90824119E-4,
341.00,7.18087307E-4,
342.00,7.46304635E-4,
343.00,7.75376102E-4,
344.00,8.05443735E-4,
345.00,8.36753461E-4,
346.00,8.69519019E-4,
347.00,9.03782842E-4,
348.00,9.39358200E-4,
349.00,9.76062729E-4,
350.00,1.01380050E-3,
351.00,1.05252478E-3,
352.00,1.09224580E-3,
353.00,1.13307964E-3,
354.00,1.17512012E-3,
355.00,1.21855410E-3,
356.00,1.26356224E-3,
357.00,1.31011161E-3,
358.00,1.35810650E-3,
359.00,1.40748895E-3,
360.00,1.45840843E-3,
361.00,1.51098380E-3,
362.00,1.56514160E-3,
363.00,1.62086310E-3,
364.00,1.67807180E-3,
365.00,1.73663336E-3,
366.00,1.79650716E-3,
367.00,1.85764884E-3,
368.00,1.91994000E-3,
369.00,1.98336132E-3,
370.00,2.04801257E-3,
371.00,2.11401936E-3,
372.00,2.18146038E-3,
373.00,2.25030351E-3,
374.00,2.32061045E-3,
375.00,2.39258027E-3,
376.00,2.46635941E-3,
377.00,2.54178280E-3,
378.00,2.61852192E-3,
379.00,2.69636232E-3,
380.00,2.77522998E-3,
381.00,2.85520707E-3,
382.00,2.93653295E-3,
383.00,3.01919295E-3,
384.00,3.10304249E-3,
385.00,3.18794209E-3,
386.00,3.27393529E-3,
387.00,3.36116273E-3,
388.00,3.44981928E-3,
389.00,3.54013755E-3,
390.00,3.63217876E-3,
391.00,3.72616178E-3,
392.00,3.82222119E-3,
393.00,3.92042380E-3,
394.00,4.02077148E-3,
395.00,4.12325375E-3,
396.00,4.22816491E-3,
397.00,4.33583930E-3,
398.00,4.44675609E-3,
399.00,4.56134090E-3,
400.00,4.67993040E-3,
401.00,4.80255298E-3,
402.00,4.92868666E-3,
403.00,5.05778706E-3,
404.00,5.18953241E-3,
405.00,5.32379979E-3,
406.00,5.46057196E-3,
407.00,5.59997186E-3,
408.00,5.74237993E-3,
409.00,5.88817801E-3,
410.00,6.03765808E-3,
411.00,6.19110931E-3,
412.00,6.34885579E-3,
413.00,6.51101535E-3,
414.00,6.67778682E-3,
415.00,6.84928382E-3,
416.00,7.02544069E-3,
417.00,7.20617780E-3,
418.00,7.39125861E-3,
419.00,7.58049916E-3,
420.00,7.77370622E-3,
421.00,7.97055103E-3,
422.00,8.17073788E-3,
423.00,8.37404653E-3,
424.00,8.58015940E-3,
425.00,8.78892001E-3,
426.00,9.00029577E-3,
427.00,9.21424944E-3,
428.00,9.43073817E-3,
429.00,9.64979455E-3,
430.00,9.87146515E-3,
431.00,1.00957034E-2,
432.00,1.03225084E-2,
433.00,1.05519034E-2,
434.00,1.07839024E-2,
435.00,1.10182315E-2,
436.00,1.12545947E-2,
437.00,1.14929238E-2,
438.00,1.17333615E-2,
439.00,1.19764367E-2,
440.00,1.22228097E-2,
441.00,1.24729564E-2,
442.00,1.27272308E-2,
443.00,1.29859783E-2,
444.00,1.32495463E-2,
445.00,1.35182925E-2,
446.00,1.37926303E-2,
447.00,1.40730813E-2,
448.00,1.43599743E-2,
449.00,1.46533698E-2,
450.00,1.49526894E-2,
451.00,1.52700283E-2,
452.00,1.55712850E-2,
453.00,1.58765912E-2,
454.00,1.61859524E-2,
455.00,1.64993890E-2,
456.00,1.68169159E-2,
457.00,1.71385538E-2,
458.00,1.74643267E-2,
459.00,1.77942514E-2,
460.00,1.81283560E-2,
461.00,1.84666514E-2,
462.00,1.88091751E-2,
463.00,1.91559475E-2,
464.00,1.95070133E-2,
465.00,1.98623948E-2,
466.00,2.02221386E-2,
467.00,2.05862820E-2,
468.00,2.09548753E-2,
469.00,2.13279817E-2,
470.00,2.17056442E-2,
471.00,2.20879409E-2,
472.00,2.24749353E-2,
473.00,2.28667036E-2,
474.00,2.32633129E-2,
475.00,2.36648265E-2,
476.00,2.40713153E-2,
477.00,2.44828351E-2,
478.00,2.48994417E-2,
479.00,2.53211986E-2,
480.00,2.57481523E-2,
481.00,2.61803698E-2,
482.00,2.66178902E-2,
483.00,2.70607658E-2,
484.00,2.75090374E-2,
485.00,2.79627629E-2,
486.00,2.84219757E-2,
487.00,2.88867094E-2,
488.00,2.93569900E-2,
489.00,2.98328176E-2,
490.00,3.03142089E-2,
491.00,3.08011882E-2,
492.00,3.12937610E-2,
493.00,3.17919664E-2,
494.00,3.22958082E-2,
495.00,3.28052975E-2,
496.00,3.33204381E-2,
497.00,3.38412374E-2,
498.00,3.43676880E-2,
499.00,3.48997898E-2,
500.00,3.54375057E-2,
501.00,3.59808318E-2,
502.00,3.65297049E-2,
503.00,3.70840915E-2,
504.00,3.76439281E-2,
505.00,3.82091478E-2,
506.00,3.87796685E-2,
507.00,3.93554084E-2,
508.00,3.99362966E-2,
509.00,4.05222625E-2,
510.00,4.11132351E-2,
511.00,4.17091548E-2,
512.00,4.23099771E-2,
513.00,4.29156274E-2,
514.00,4.35260758E-2,
515.00,4.41412777E-2,
516.00,4.47612144E-2,
517.00,4.53858860E-2,
518.00,4.60152961E-2,
519.00,4.66494672E-2,
520.00,4.72884439E-2,
521.00,4.79322895E-2,
522.00,4.85810675E-2,
523.00,4.92348522E-2,
524.00,4.98937368E-2,
525.00,5.05578108E-2,
526.00,5.12271523E-2,
527.00,5.19018508E-2,
528.00,5.25819995E-2,
529.00,5.32676652E-2,
530.00,5.39589375E-2,
531.00,5.46558276E-2,
532.00,5.53584211E-2,
533.00,5.60667738E-2,
534.00,5.67808896E-2,
535.00,5.75008094E-2,
536.00,5.82264923E-2,
537.00,5.89580461E-2,
538.00,5.96953519E-2,
539.00,6.04384691E-2,
540.00,6.11873493E-2,
541.00,6.19420446E-2,
542.00,6.27024919E-2,
543.00,6.34687021E-2,
544.00,6.42405599E-2,
545.00,6.50180653E-2,
546.00,6.58011734E-2,
547.00,6.65898249E-2,
548.00,6.73839673E-2,
549.00,6.81836456E-2,
550.00,6.89886585E-2,
551.00,6.97990507E-2,
552.00,7.06148297E-2,
553.00,7.14358762E-2,
554.00,7.22621977E-2,
555.00,7.30937421E-2,
556.00,7.39305615E-2,
557.00,7.47724846E-2,
558.00,7.56196454E-2,
559.00,7.64719620E-2,
560.00,7.73295537E-2,
561.00,7.81923085E-2,
562.00,7.90603906E-2,
563.00,7.99338594E-2,
564.00,8.08127597E-2,
565.00,8.16972628E-2,
566.00,8.25874731E-2,
567.00,8.34835917E-2,
568.00,8.43858495E-2,
569.00,8.52943584E-2,
570.00,8.62093195E-2,
571.00,8.71309564E-2,
572.00,8.80594254E-2,
573.00,8.89947861E-2,
574.00,8.99371877E-2,
575.00,9.08866972E-2,
576.00,9.18433741E-2,
577.00,9.28073078E-2,
578.00,9.37784538E-2,
579.00,9.47569758E-2,
580.00,9.57428142E-2,
581.00,9.67361405E-2,
582.00,9.77369323E-2,
583.00,9.87452790E-2,
584.00,9.97612029E-2,
585.00,1.00784764E-1,
586.00,1.01815917E-1,
587.00,1.02854669E-1,
588.00,1.03900991E-1,
589.00,1.04954809E-1,
590.00,1.06015995E-1,
591.00,1.07084438E-1,
592.00,1.08159997E-1,
593.00,1.09242499E-1,
594.00,1.10331558E-1,
595.00,1.11426860E-1,
596.00,1.12528034E-1,
597.00,1.13634534E-1,
598.00,1.14745714E-1,
599.00,1.15860984E-1,
600.00,1.16979435E-1,
601.00,1.18100256E-1,
602.00,1.19222730E-1,
603.00,1.20346025E-1,
604.00,1.21469587E-1,
605.00,1.22592822E-1,
606.00,1.23715200E-1,
607.00,1.24836229E-1,
608.00,1.25955820E-1,
609.00,1.27073884E-1,
610.00,1.28190607E-1,
611.00,1.29306257E-1,
612.00,1.30421311E-1,
613.00,1.31536365E-1,
614.00,1.32651955E-1,
615.00,1.33768633E-1,
616.00,1.34886757E-1,
617.00,1.36006668E-1,
618.00,1.37128726E-1,
619.00,1.38253182E-1,
620.00,1.39380246E-1,
621.00,1.40510157E-1,
622.00,1.41643405E-1,
623.00,1.42780259E-1,
624.00,1.43920928E-1,
625.00,1.45065367E-1,
626.00,1.46213695E-1,
627.00,1.47366151E-1,
628.00,1.48522913E-1,
629.00,1.49684086E-1,
630.00,1.50849909E-1,
631.00,1.52020231E-1,
632.00,1.53195247E-1,
633.00,1.54374823E-1,
634.00,1.55559093E-1,
635.00,1.56748101E-1,
636.00,1.57941937E-1,
637.00,1.59140468E-1,
638.00,1.60343841E-1,
639.00,1.61551863E-1,
640.00,1.62764534E-1,
641.00,1.63981840E-1,
642.00,1.65203571E-1,
643.00,1.66429594E-1,
644.00,1.67659879E-1,
645.00,1.68894187E-1,
646.00,1.70132399E-1,
647.00,1.71374083E-1,
648.00,1.72619209E-1,
649.00,1.73867375E-1,
650.00,1.75118208E-1,
651.00,1.76371470E-1,
652.00,1.77627057E-1,
653.00,1.78884834E-1,
654.00,1.80144757E-1,
655.00,1.81406751E-1,
656.00,1.82670936E-1,
657.00,1.83937550E-1,
658.00,1.85206681E-1,
659.00,1.86478615E-1,
660.00,1.87753394E-1,
661.00,1.89031154E-1,
662.00,1.90311864E-1,
663.00,1.91595688E-1,
664.00,1.92882806E-1,
665.00,1.94173351E-1,
666.00,1.95467412E-1,
667.00,1.96765035E-1,
668.00,1.98066190E-1,
669.00,1.99370906E-1,
670.00,2.00679109E-1,
671.00,2.01990709E-1,
672.00,2.03305483E-1,
673.00,2.04623163E-1,
674.00,2.05943808E-1,
675.00,2.07267568E-1,
676.00,2.08594784E-1,
677.00,2.09925592E-1,
678.00,2.11260393E-1,
679.00,2.12599546E-1,
680.00,2.13943556E-1,
681.00,2.15292916E-1,
682.00,2.16648132E-1,
683.00,2.18009606E-1,
684.00,2.19377622E-1,
685.00,2.20752493E-1,
686.00,2.22134665E-1,
687.00,2.23524302E-1,
688.00,2.24921793E-1,
689.00,2.26327583E-1,
690.00,2.27741972E-1,
691.00,2.29165286E-1,
692.00,2.30597883E-1,
693.00,2.32039943E-1,
694.00,2.33491734E-1,
695.00,2.34953597E-1,
696.00,2.36425847E-1,
697.00,2.37908795E-1,
698.00,2.39402741E-1,
699.00,2.40907982E-1,
700.00,2.42424771E-1,
701.00,2.43953273E-1,
702.00,2.45493755E-1,
703.00,2.47046411E-1,
704.00,2.48611435E-1,
705.00,2.50188857E-1,
706.00,2.51778841E-1,
707.00,2.53381550E-1,
708.00,2.54996687E-1,
709.00,2.56623954E-1,
710.00,2.58262902E-1,
711.00,2.59913415E-1,
712.00,2.61574924E-1,
713.00,2.63247162E-1,
714.00,2.64929891E-1,
715.00,2.66622812E-1,
716.00,2.68325478E-1,
717.00,2.70037711E-1,
718.00,2.71759212E-1,
719.00,2.73489654E-1,
720.00,2.75229126E-1,
721.00,2.76977390E-1,
722.00,2.78734386E-1,
723.00,2.80500114E-1,
724.00,2.82274395E-1,
725.00,2.84057289E-1,
726.00,2.85848498E-1,
727.00,2.87647814E-1,
728.00,2.89455026E-1,
729.00,2.91269988E-1,
730.00,2.93092310E-1,
731.00,2.94921607E-1,
732.00,2.96757430E-1,
733.00,2.98599362E-1,
734.00,3.00446689E-1,
735.00,3.02298903E-1,
736.00,3.04155439E-1,
737.00,3.06015790E-1,
738.00,3.07879776E-1,
739.00,3.09746981E-1,
740.00,3.11616808E-1,
741.00,3.13488662E-1,
742.00,3.15361917E-1,
743.00,3.17235768E-1,
744.00,3.19109738E-1,
745.00,3.20983320E-1,
746.00,3.22855890E-1,
747.00,3.24726731E-1,
748.00,3.26595187E-1,
749.00,3.28460485E-1,
750.00,3.30321997E-1,
751.00,3.32179189E-1,
752.00,3.34032059E-1,
753.00,3.35880429E-1,
754.00,3.37724328E-1,
755.00,3.39563906E-1,
756.00,3.41398925E-1,
757.00,3.43229204E-1,
758.00,3.45055044E-1,
759.00,3.46876711E-1,
760.00,3.48694474E-1,
761.00,3.50508571E-1,
762.00,3.52319270E-1,
763.00,3.54127079E-1,
764.00,3.55932415E-1,
765.00,3.57735604E-1,
766.00,3.59537035E-1,
767.00,3.61337185E-1,
768.00,3.63136560E-1,
769.00,3.64935428E-1,
770.00,3.66734177E-1,
771.00,3.68533194E-1,
772.00,3.70332360E-1,
773.00,3.72131944E-1,
774.00,3.73931885E-1,
775.00,3.75732303E-1,
776.00,3.77533287E-1,
777.00,3.79334569E-1,
778.00,3.81136179E-1,
779.00,3.82937849E-1,
780.00,3.84739459E-1,
781.00,3.86540830E-1,
782.00,3.88341576E-1,
783.00,3.90141428E-1,
784.00,3.91939938E-1,
785.00,3.93736780E-1,
786.00,3.95531416E-1,
787.00,3.97323698E-1,
788.00,3.99113297E-1,
789.00,4.00899947E-1,
790.00,4.02683109E-1,
791.00,4.04462337E-1,
792.00,4.06237096E-1,
793.00,4.08006728E-1,
794.00,4.09771025E-1,
795.00,4.11529541E-1,
796.00,4.13282245E-1,
797.00,4.15029049E-1,
798.00,4.16770101E-1,
799.00,4.18505728E-1,
800.00,4.20236349E-1,
801.00,4.21962440E-1,
802.00,4.23684180E-1,
803.00,4.25401807E-1,
804.00,4.27115619E-1,
805.00,4.28825855E-1,
806.00,4.30533171E-1,
807.00,4.32238400E-1,
808.00,4.33942109E-1,
809.00,4.35645163E-1,
810.00,4.37348217E-1,
811.00,4.39052105E-1,
812.00,4.40757185E-1,
813.00,4.42463934E-1,
814.00,4.44172740E-1,
815.00,4.45883632E-1,
816.00,4.47596937E-1,
817.00,4.49312836E-1,
818.00,4.51031744E-1,
819.00,4.52753931E-1,
820.00,4.54479814E-1,
821.00,4.56209838E-1,
822.00,4.57944244E-1,
823.00,4.59683090E-1,
824.00,4.61426526E-1,
825.00,4.63174582E-1,
826.00,4.64927047E-1,
827.00,4.66683477E-1,
828.00,4.68443543E-1,
829.00,4.70206857E-1,
830.00,4.71972823E-1,
831.00,4.73741114E-1,
832.00,4.75511193E-1,
833.00,4.77282524E-1,
834.00,4.79054540E-1,
835.00,4.80826914E-1,
836.00,4.82599676E-1,
837.00,4.84372854E-1,
838.00,4.86146212E-1,
839.00,4.87919569E-1,
840.00,4.89692509E-1,
841.00,4.91464406E-1,
842.00,4.93234813E-1,
843.00,4.95003223E-1,
844.00,4.96768922E-1,
845.00,4.98531580E-1,
846.00,5.00290990E-1,
847.00,5.02047360E-1,
848.00,5.03800869E-1,
849.00,5.05551636E-1,
850.00,5.07299781E-1,
851.00,5.09045422E-1,
852.00,5.10788739E-1,
853.00,5.12529731E-1,
854.00,5.14268398E-1,
855.00,5.16004920E-1,
856.00,5.17739356E-1,
857.00,5.19471884E-1,
858.00,5.21202624E-1,
859.00,5.22931755E-1,
860.00,5.24659574E-1,
861.00,5.26385963E-1,
862.00,5.28110981E-1,
863.00,5.29834449E-1,
864.00,5.31556368E-1,
865.00,5.33276558E-1,
866.00,5.34994900E-1,
867.00,5.36711335E-1,
868.00,5.38425803E-1,
869.00,5.40138304E-1,
870.00,5.41849196E-1,
871.00,5.43558419E-1,
872.00,5.45266092E-1,
873.00,5.46972632E-1,
874.00,5.48678160E-1,
875.00,5.50383091E-1,
876.00,5.52087009E-1,
877.00,5.53790331E-1,
878.00,5.55494189E-1,
879.00,5.57198107E-1,
880.00,5.58901429E-1,
881.00,5.60604751E-1,
882.00,5.62308133E-1,
883.00,5.64010382E-1,
884.00,5.65712631E-1,
885.00,5.67414939E-1,
886.00,5.69117188E-1,
887.00,5.70820510E-1,
888.00,5.72524965E-1,
889.00,5.74230433E-1,
890.00,5.75937569E-1,
891.00,5.77646255E-1,
892.00,5.79356074E-1,
893.00,5.81066966E-1,
894.00,5.82778931E-1,
895.00,5.84490836E-1,
896.00,5.86203873E-1,
897.00,5.87917447E-1,
898.00,5.89632094E-1,
899.00,5.91346741E-1,
900.00,5.93061388E-1,
901.00,5.94776571E-1,
902.00,5.96491218E-1,
903.00,5.98205864E-1,
904.00,5.99919975E-1,
905.00,6.01633012E-1,
906.00,6.03344440E-1,
907.00,6.05054200E-1,
908.00,6.06761873E-1,
909.00,6.08466804E-1,
910.00,6.10169113E-1,
911.00,6.11868143E-1,
912.00,6.13565028E-1,
913.00,6.15259171E-1,
914.00,6.16949618E-1,
915.00,6.18637919E-1,
916.00,6.20322406E-1,
917.00,6.22004211E-1,
918.00,6.23682261E-1,
919.00,6.25357628E-1,
920.00,6.27029777E-1,
921.00,6.28699720E-1,
922.00,6.30366504E-1,
923.00,6.32030547E-1,
924.00,6.33691907E-1,
925.00,6.35350585E-1,
926.00,6.37007117E-1,
927.00,6.38661444E-1,
928.00,6.40313685E-1,
929.00,6.41963720E-1,
930.00,6.43611133E-1,
931.00,6.45256877E-1,
932.00,6.46899939E-1,
933.00,6.48540854E-1,
934.00,6.50179088E-1,
935.00,6.51815116E-1,
936.00,6.53448522E-1,
937.00,6.55079722E-1,
938.00,6.56709373E-1,
939.00,6.58336818E-1,
940.00,6.59962118E-1,
941.00,6.61585808E-1,
942.00,6.63207352E-1,
943.00,6.64826751E-1,
944.00,6.66444540E-1,
945.00,6.68059587E-1,
946.00,6.69673085E-1,
947.00,6.71283841E-1,
948.00,6.72892451E-1,
949.00,6.74498379E-1,
950.00,6.76101625E-1,
951.00,6.77702725E-1,
952.00,6.79300606E-1,
953.00,6.80895209E-1,
954.00,6.82487667E-1,
955.00,6.84076369E-1,
956.00,6.85662389E-1,
957.00,6.87245190E-1,
958.00,6.88825309E-1,
959.00,6.90402687E-1,
960.00,6.91977441E-1,
961.00,6.93549454E-1,
962.00,6.95118785E-1,
963.00,6.96685433E-1,
964.00,6.98249400E-1,
965.00,6.99810088E-1,
966.00,7.01368690E-1,
967.00,7.02924550E-1,
968.00,7.04477787E-1,
969.00,7.06028283E-1,
970.00,7.07576036E-1,
971.00,7.09121168E-1,
972.00,7.10663080E-1,
973.00,7.12203324E-1,
974.00,7.13740408E-1,
975.00,7.15275824E-1,
976.00,7.16808021E-1,
977.00,7.18338609E-1,
978.00,7.19866514E-1,
979.00,7.21392274E-1,
980.00,7.22915292E-1,
981.00,7.24436224E-1,
982.00,7.25954950E-1,
983.00,7.27470458E-1,
984.00,7.28983283E-1,
985.00,7.30492890E-1,
986.00,7.31998742E-1,
987.00,7.33500779E-1,
988.00,7.34998524E-1,
989.00,7.36491978E-1,
990.00,7.37981141E-1,
991.00,7.39465952E-1,
992.00,7.40945458E-1,
993.00,7.42420614E-1,
994.00,7.43890882E-1,
995.00,7.45356381E-1,
996.00,7.46816993E-1,
997.00,7.48272777E-1,
998.00,7.49723732E-1,
999.00,7.51169801E-1,
1000.00,7.52611578E-1,
1001.000,7.54048526E-1,
1002.000,7.55480647E-1,
1003.000,7.56908953E-1,
1004.000,7.58332431E-1,
1005.000,7.59751618E-1,
1006.000,7.61165977E-1,
1007.000,7.62575984E-1,
1008.000,7.63981223E-1,
1009.000,7.65382051E-1,
1010.00,7.66778111E-1,
1011.000,7.68169343E-1,
1012.000,7.69554615E-1,
1013.000,7.70935059E-1,
1014.000,7.72310078E-1,
1015.000,7.73679197E-1,
1016.000,7.75042951E-1,
1017.000,7.76400805E-1,
1018.000,7.77753234E-1,
1019.000,7.79099762E-1,
1020.00,7.80439854E-1,
1021.000,7.81774521E-1,
1022.000,7.83103287E-1,
1023.000,7.84425616E-1,
1024.000,7.85741985E-1,
1025.000,7.87051916E-1,
1026.000,7.88355410E-1,
1027.000,7.89652944E-1,
1028.000,7.90944040E-1,
1029.000,7.92229235E-1,
1030.00,7.93508470E-1,
1031.000,7.94781804E-1,
1032.000,7.96049237E-1,
1033.000,7.97311842E-1,
1034.000,7.98568487E-1,
1035.000,7.99819767E-1,
1036.000,8.01065624E-1,
1037.000,8.02307189E-1,
1038.000,8.03543389E-1,
1039.000,8.04774761E-1,
1040.00,8.06001306E-1,
1041.000,8.07222962E-1,
1042.000,8.08439791E-1,
1043.000,8.09652328E-1,
1044.000,8.10859978E-1,
1045.000,8.12062800E-1,
1046.000,8.13261867E-1,
1047.000,8.14456105E-1,
1048.000,8.15646052E-1,
1049.000,8.16831648E-1,
1050.00,8.18012416E-1,
1051.000,8.19210708E-1,
1052.000,8.20404887E-1,
1053.000,8.21594834E-1,
1054.000,8.22780490E-1,
1055.000,8.23961973E-1,
1056.000,8.25139344E-1,
1057.000,8.26312423E-1,
1058.000,8.27481270E-1,
1059.000,8.28646004E-1,
1060.00,8.29806507E-1,
1061.000,8.30962777E-1,
1062.000,8.32114816E-1,
1063.000,8.33262622E-1,
1064.000,8.34406197E-1,
1065.000,8.35545659E-1,
1066.000,8.36680830E-1,
1067.000,8.37811768E-1,
1068.000,8.38938534E-1,
1069.000,8.40061009E-1,
1070.00,8.41179252E-1,
1071.000,8.42293322E-1,
1072.000,8.43403101E-1,
1073.000,8.44508708E-1,
1074.000,8.45610082E-1,
1075.000,8.46707165E-1,
1076.000,8.47800076E-1,
1077.000,8.48888636E-1,
1078.000,8.49973083E-1,
1079.000,8.51053298E-1,
1080.00,8.52129221E-1,
1081.000,8.53200912E-1,
1082.000,8.54268372E-1,
1083.000,8.55331600E-1,
1084.000,8.56390536E-1,
1085.000,8.57445419E-1,
1086.000,8.58495951E-1,
1087.000,8.59542131E-1,
1088.000,8.60584140E-1,
1089.000,8.61622095E-1,
1090.00,8.62655580E-1,
1091.000,8.63684952E-1,
1092.000,8.64710033E-1,
1093.000,8.65730882E-1,
1094.000,8.66747499E-1,
1095.000,8.67759824E-1,
1096.000,8.68768036E-1,
1097.000,8.69771957E-1,
1098.000,8.70771706E-1,
1099.000,8.71767223E-1,
1100.00,8.72758389E-1,
1101.000,8.73745441E-1,
1102.000,8.74728143E-1,
1103.000,8.75706673E-1,
1104.000,8.76680970E-1,
1105.000,8.77651215E-1,
1106.000,8.78617108E-1,
1107.000,8.79578769E-1,
1108.000,8.80536199E-1,
1109.000,8.81489277E-1,
1110.00,8.82438302E-1,
1111.000,8.83383155E-1,
1112.000,8.84323776E-1,
1113.000,8.85260046E-1,
1114.000,8.86192262E-1,
1115.000,8.87120247E-1,
1116.000,8.88044000E-1,
1117.000,8.88963461E-1,
1118.000,8.89878869E-1,
1119.000,8.90790045E-1,
1120.00,8.91697049E-1,
1121.000,8.92599761E-1,
1122.000,8.93498361E-1,
1123.000,8.94392729E-1,
1124.000,8.95282924E-1,
1125.000,8.96168828E-1,
1126.000,8.97050738E-1,
1127.000,8.97928417E-1,
1128.000,8.98801863E-1,
1129.000,8.99671197E-1,
1130.00,9.00536358E-1,
1131.000,9.01397288E-1,
1132.000,9.02254045E-1,
1133.000,9.03106749E-1,
1134.000,9.03955340E-1,
1135.000,9.04799581E-1,
1136.000,9.05639768E-1,
1137.000,9.06475842E-1,
1138.000,9.07307744E-1,
1139.000,9.08135474E-1,
1140.00,9.08959150E-1,
1141.000,9.09778655E-1,
1142.000,9.10593927E-1,
1143.000,9.11405146E-1,
1144.000,9.12212312E-1,
1145.000,9.13015246E-1,
1146.000,9.13814127E-1,
1147.000,9.14608896E-1,
1148.000,9.15399551E-1,
1149.000,9.16186154E-1,
1150.00,9.16968524E-1,
1151.000,9.17746902E-1,
1152.000,9.18521166E-1,
1153.000,9.19291317E-1,
1154.000,9.20057416E-1,
1155.000,9.20819402E-1,
1156.000,9.21577394E-1,
1157.000,9.22331154E-1,
1158.000,9.23080981E-1,
1159.000,9.23826754E-1,
1160.00,9.24568415E-1,
1161.000,9.25306022E-1,
1162.000,9.26039577E-1,
1163.000,9.26769137E-1,
1164.000,9.27494645E-1,
1165.000,9.28216040E-1,
1166.000,9.28933501E-1,
1167.000,9.29646790E-1,
1168.000,9.30356264E-1,
1169.000,9.31061566E-1,
1170.00,9.31762934E-1,
1171.000,9.32460189E-1,
1172.000,9.33153629E-1,
1173.000,9.33843017E-1,
1174.000,9.34528291E-1,
1175.000,9.35209632E-1,
1176.000,9.35887098E-1,
1177.000,9.36560392E-1,
1178.000,9.37229931E-1,
1179.000,9.37895298E-1,
1180.00,9.38556790E-1,
1181.000,9.39214408E-1,
1182.000,9.39867914E-1,
1183.000,9.40517604E-1,
1184.000,9.41163361E-1,
1185.000,9.41805065E-1,
1186.000,9.42442954E-1,
1187.000,9.43076849E-1,
1188.000,9.43706870E-1,
1189.000,9.44332898E-1,
1190.00,9.44955111E-1,
1191.000,9.45573390E-1,
1192.000,9.46187735E-1,
1193.000,9.46798265E-1,
1194.000,9.47404802E-1,
1195.000,9.48007584E-1,
1196.000,9.48606431E-1,
1197.000,9.49201405E-1,
1198.000,9.49792624E-1,
1199.000,9.50379848E-1,
1200.00,9.50963259E-1,
1201.000,9.51542854E-1,
1202.000,9.52118635E-1,
1203.000,9.52690482E-1,
1204.000,9.53258574E-1,
1205.000,9.53822792E-1,
1206.000,9.54383254E-1,
1207.000,9.54939902E-1,
1208.000,9.55492735E-1,
1209.000,9.56041753E-1,
1210.00,9.56587076E-1,
1211.000,9.57128465E-1,
1212.000,9.57666099E-1,
1213.000,9.58200157E-1,
1214.000,9.58730221E-1,
1215.000,9.59256649E-1,
1216.000,9.59779203E-1,
1217.000,9.60298181E-1,
1218.000,9.60813344E-1,
1219.000,9.61324751E-1,
1220.00,9.61832464E-1,
1221.000,9.62336481E-1,
1222.000,9.62836742E-1,
1223.000,9.63333368E-1,
1224.000,9.63826060E-1,
1225.000,9.64315295E-1,
1226.000,9.64800775E-1,
1227.000,9.65282619E-1,
1228.000,9.65760767E-1,
1229.000,9.66235161E-1,
1230.00,9.66705918E-1,
1231.000,9.67173159E-1,
1232.000,9.67636645E-1,
1233.000,9.68096495E-1,
1234.000,9.68552709E-1,
1235.000,9.69005227E-1,
1236.000,9.69454288E-1,
1237.000,9.69899595E-1,
1238.000,9.70341444E-1,
1239.000,9.70779598E-1,
1240.00,9.71214175E-1,
1241.000,9.71645057E-1,
1242.000,9.72072482E-1,
1243.000,9.72496271E-1,
1244.000,9.72916543E-1,
1245.000,9.73333240E-1,
1246.000,9.73746359E-1,
1247.000,9.74155903E-1,
1248.000,9.74562049E-1,
1249.000,9.74964559E-1,
1250.00,9.75363612E-1,
1251.000,9.75759089E-1,
1252.000,9.76151109E-1,
1253.000,9.76539612E-1,
1254.000,9.76924598E-1,
1255.000,9.77306068E-1,
1256.000,9.77684021E-1,
1257.000,9.78058577E-1,
1258.000,9.78429675E-1,
1259.000,9.78797317E-1,
1260.00,9.79161561E-1,
1261.000,9.79522169E-1,
1262.000,9.79879558E-1,
1263.000,9.80233312E-1,
1264.000,9.80583787E-1,
1265.000,9.80930746E-1,
1266.000,9.81274366E-1,
1267.000,9.81614649E-1,
1268.000,9.81951356E-1,
1269.000,9.82284784E-1,
1270.00,9.82614756E-1,
1271.000,9.82941508E-1,
1272.000,9.83264804E-1,
1273.000,9.83584702E-1,
1274.000,9.83901381E-1,
1275.000,9.84214604E-1,
1276.000,9.84524548E-1,
1277.000,9.84831154E-1,
1278.000,9.85134423E-1,
1279.000,9.85434353E-1,
1280.00,9.85730946E-1,
1281.000,9.86024380E-1,
1282.000,9.86314356E-1,
1283.000,9.86601233E-1,
1284.000,9.86884654E-1,
1285.000,9.87164795E-1,
1286.000,9.87441838E-1,
1287.000,9.87715602E-1,
1288.000,9.87986028E-1,
1289.000,9.88253236E-1,
1290.00,9.88517225E-1,
1291.000,9.88777936E-1,
1292.000,9.89035547E-1,
1293.000,9.89289820E-1,
1294.000,9.89541054E-1,
1295.000,9.89789009E-1,
1296.000,9.90033746E-1,
1297.000,9.90275383E-1,
1298.000,9.90513802E-1,
1299.000,9.90749002E-1,
1300.00,9.90981162E-1,
1301.000,9.91209984E-1,
1302.000,9.91435826E-1,
1303.000,9.91658509E-1,
1304.000,9.91878092E-1,
1305.000,9.92094517E-1,
1306.000,9.92307901E-1,
1307.000,9.92518067E-1,
1308.000,9.92725134E-1,
1309.000,9.92929161E-1,
1310.00,9.93130147E-1,
1311.000,9.93327916E-1,
1312.000,9.93522823E-1,
1313.000,9.93714571E-1,
1314.000,9.93903279E-1,
1315.000,9.94088948E-1,
1316.000,9.94271576E-1,
1317.000,9.94451165E-1,
1318.000,9.94627774E-1,
1319.000,9.94801342E-1,
1320.00,9.94971871E-1,
1321.000,9.95139539E-1,
1322.000,9.95304048E-1,
1323.000,9.95465636E-1,
1324.000,9.95624244E-1,
1325.000,9.95779932E-1,
1326.000,9.95932639E-1,
1327.000,9.96082366E-1,
1328.000,9.96229291E-1,
1329.000,9.96373117E-1,
1330.00,9.96514022E-1,
1331.000,9.96652067E-1,
1332.000,9.96787190E-1,
1333.000,9.96919334E-1,
1334.000,9.97048676E-1,
1335.000,9.97175097E-1,
1336.000,9.97298658E-1,
1337.000,9.97419298E-1,
1338.000,9.97537136E-1,
1339.000,9.97652173E-1,
1340.00,9.97764230E-1,
1341.000,9.97873485E-1,
1342.000,9.97979879E-1,
1343.000,9.98083532E-1,
1344.000,9.98184264E-1,
1345.000,9.98282254E-1,
1346.000,9.98377323E-1,
1347.000,9.98469710E-1,
1348.000,9.98559296E-1,
1349.000,9.98646021E-1,
1350.00,9.98730063E-1,
1351.000,9.98811305E-1,
1352.000,9.98889744E-1,
1353.000,9.98965502E-1,
1354.000,9.99038517E-1,
1355.000,9.99108791E-1,
1356.000,9.99176323E-1,
1357.000,9.99241114E-1,
1358.000,9.99303222E-1,
1359.000,9.99362648E-1,
1360.00,9.99419272E-1,
1361.000,9.99473274E-1,
1362.000,9.99524593E-1,
1363.000,9.99573231E-1,
1364.000,9.99619246E-1,
1365.000,9.99662519E-1,
1366.000,9.99703228E-1,
1367.000,9.99741197E-1,
1368.000,9.99776602E-1,
1369.000,9.99809384E-1,
1370.00,9.99839544E-1,
1371.000,9.99866962E-1,
1372.000,9.99891937E-1,
1373.000,9.99914169E-1,
1374.000,9.99933898E-1,
1375.000,9.99951065E-1,
1376.000,9.99965668E-1,
1377.000,9.99977648E-1,
1378.000,9.99987066E-1,
1379.000,9.99993920E-1,
1380.00,9.99998212E-1,
1381.000,1.00000000E+0,
1382.000,9.99999285E-1,
1383.000,9.99996066E-1,
1384.000,9.99990284E-1,
1385.000,9.99981999E-1,
1386.000,9.99971271E-1,
1387.000,9.99957919E-1,
1388.000,9.99942183E-1,
1389.000,9.99923885E-1,
1390.00,9.99903202E-1,
1391.000,9.99880016E-1,
1392.000,9.99854386E-1,
1393.000,9.99826312E-1,
1394.000,9.99795735E-1,
1395.000,9.99762774E-1,
1396.000,9.99727428E-1,
1397.000,9.99689639E-1,
1398.000,9.99649405E-1,
1399.000,9.99606788E-1,
1400.00,9.99561727E-1,
1401.000,9.99514341E-1,
1402.000,9.99464571E-1,
1403.000,9.99412417E-1,
1404.000,9.99357879E-1,
1405.000,9.99301016E-1,
1406.000,9.99241710E-1,
1407.000,9.99180198E-1,
1408.000,9.99116302E-1,
1409.000,9.99050021E-1,
1410.00,9.98981476E-1,
1411.000,9.98910487E-1,
1412.000,9.98837292E-1,
1413.000,9.98761773E-1,
1414.000,9.98683989E-1,
1415.000,9.98604000E-1,
1416.000,9.98521507E-1,
1417.000,9.98436928E-1,
1418.000,9.98350024E-1,
1419.000,9.98260915E-1,
1420.00,9.98169482E-1,
1421.000,9.98075843E-1,
1422.000,9.97979999E-1,
1423.000,9.97881830E-1,
1424.000,9.97781515E-1,
1425.000,9.97678995E-1,
1426.000,9.97574329E-1,
1427.000,9.97467279E-1,
1428.000,9.97358084E-1,
1429.000,9.97246921E-1,
1430.00,9.97133374E-1,
1431.000,9.97017682E-1,
1432.000,9.96899843E-1,
1433.000,9.96779859E-1,
1434.000,9.96657670E-1,
1435.000,9.96533334E-1,
1436.000,9.96406913E-1,
1437.000,9.96278465E-1,
1438.000,9.96147811E-1,
1439.000,9.96015012E-1,
1440.00,9.95880127E-1,
1441.000,9.95743155E-1,
1442.000,9.95604038E-1,
1443.000,9.95462894E-1,
1444.000,9.95319605E-1,
1445.000,9.95174348E-1,
1446.000,9.95027065E-1,
1447.000,9.94877577E-1,
1448.000,9.94726062E-1,
1449.000,9.94572520E-1,
1450.00,9.94416952E-1,
1451.000,9.94259417E-1,
1452.000,9.94099736E-1,
1453.000,9.93938148E-1,
1454.000,9.93774474E-1,
1455.000,9.93608952E-1,
1456.000,9.93441224E-1,
1457.000,9.93271708E-1,
1458.000,9.93100107E-1,
1459.000,9.92926478E-1,
1460.00,9.92750883E-1,
1461.000,9.92573500E-1,
1462.000,9.92393970E-1,
1463.000,9.92212534E-1,
1464.000,9.92029250E-1,
1465.000,9.91843879E-1,
1466.000,9.91656780E-1,
1467.000,9.91467655E-1,
1468.000,9.91276622E-1,
1469.000,9.91083682E-1,
1470.00,9.90888834E-1,
1471.000,9.90692139E-1,
1472.000,9.90493476E-1,
1473.000,9.90293026E-1,
1474.000,9.90090728E-1,
1475.000,9.89886403E-1,
1476.000,9.89680409E-1,
1477.000,9.89472330E-1,
1478.000,9.89262640E-1,
1479.000,9.89050984E-1,
1480.00,9.88837481E-1,
1481.000,9.88622308E-1,
1482.000,9.88405168E-1,
1483.000,9.88186300E-1,
1484.000,9.87965584E-1,
1485.000,9.87743020E-1,
1486.000,9.87518787E-1,
1487.000,9.87292707E-1,
1488.000,9.87064838E-1,
1489.000,9.86835182E-1,
1490.00,9.86603856E-1,
1491.000,9.86370623E-1,
1492.000,9.86135662E-1,
1493.000,9.85899091E-1,
1494.000,9.85660613E-1,
1495.000,9.85420525E-1,
1496.000,9.85178590E-1,
1497.000,9.84935045E-1,
1498.000,9.84689772E-1,
1499.000,9.84442770E-1,
1500.00,9.84194040E-1,
1501.000,9.83943582E-1,
1502.000,9.83691514E-1,
1503.000,9.83437777E-1,
1504.000,9.83182371E-1,
1505.000,9.82925236E-1,
1506.000,9.82666492E-1,
1507.000,9.82406020E-1,
1508.000,9.82143939E-1,
1509.000,9.81880307E-1,
1510.00,9.81614888E-1,
1511.000,9.81347919E-1,
1512.000,9.81079280E-1,
1513.000,9.80809033E-1,
1514.000,9.80537176E-1,
1515.000,9.80263710E-1,
1516.000,9.79988575E-1,
1517.000,9.79712009E-1,
1518.000,9.79433775E-1,
1519.000,9.79153931E-1,
1520.00,9.78872538E-1,
1521.000,9.78589654E-1,
1522.000,9.78305101E-1,
1523.000,9.78019059E-1,
1524.000,9.77731347E-1,
1525.000,9.77442265E-1,
1526.000,9.77151453E-1,
1527.000,9.76859272E-1,
1528.000,9.76565421E-1,
1529.000,9.76270080E-1,
1530.00,9.75973427E-1,
1531.000,9.75675046E-1,
1532.000,9.75375235E-1,
1533.000,9.75073934E-1,
1534.000,9.74771082E-1,
1535.000,9.74466801E-1,
1536.000,9.74161088E-1,
1537.000,9.73853886E-1,
1538.000,9.73545074E-1,
1539.000,9.73234951E-1,
1540.00,9.72923338E-1,
1541.000,9.72610176E-1,
1542.000,9.72295761E-1,
1543.000,9.71979856E-1,
1544.000,9.71662462E-1,
1545.000,9.71343637E-1,
1546.000,9.71023440E-1,
1547.000,9.70701814E-1,
1548.000,9.70378757E-1,
1549.000,9.70054328E-1,
1550.00,9.69728410E-1,
1551.000,9.69401240E-1,
1552.000,9.69072580E-1,
1553.000,9.68742609E-1,
1554.000,9.68411326E-1,
1555.000,9.68078494E-1,
1556.000,9.67744350E-1,
1557.000,9.67408955E-1,
1558.000,9.67072189E-1,
1559.000,9.66734052E-1,
1560.00,9.66394544E-1,
1561.000,9.66053784E-1,
1562.000,9.65711594E-1,
1563.000,9.65368152E-1,
1564.000,9.65023398E-1,
1565.000,9.64677274E-1,
1566.000,9.64329898E-1,
1567.000,9.63981211E-1,
1568.000,9.63631153E-1,
1569.000,9.63279963E-1,
1570.00,9.62927401E-1,
1571.000,9.62573588E-1,
1572.000,9.62218463E-1,
1573.000,9.61862087E-1,
1574.000,9.61504400E-1,
1575.000,9.61145580E-1,
1576.000,9.60785508E-1,
1577.000,9.60424006E-1,
1578.000,9.60061491E-1,
1579.000,9.59697604E-1,
1580.00,9.59332526E-1,
1581.000,9.58966315E-1,
1582.000,9.58598733E-1,
1583.000,9.58230019E-1,
1584.000,9.57860053E-1,
1585.000,9.57489014E-1,
1586.000,9.57116663E-1,
1587.000,9.56743121E-1,
1588.000,9.56368387E-1,
1589.000,9.55992520E-1,
1590.00,9.55615461E-1,
1591.000,9.55237150E-1,
1592.000,9.54857886E-1,
1593.000,9.54477310E-1,
1594.000,9.54095602E-1,
1595.000,9.53712702E-1,
1596.000,9.53328788E-1,
1597.000,9.52943623E-1,
1598.000,9.52557385E-1,
1599.000,9.52170014E-1,
1600.00,9.51781511E-1,
1601.000,9.51391816E-1,
1602.000,9.51000988E-1,
1603.000,9.50609207E-1,
1604.000,9.50216293E-1,
1605.000,9.49822247E-1,
1606.000,9.49427128E-1,
1607.000,9.49030876E-1,
1608.000,9.48633492E-1,
1609.000,9.48235154E-1,
1610.00,9.47835743E-1,
1611.000,9.47435260E-1,
1612.000,9.47033703E-1,
1613.000,9.46631014E-1,
1614.000,9.46227372E-1,
1615.000,9.45822656E-1,
1616.000,9.45416808E-1,
1617.000,9.45010006E-1,
1618.000,9.44602191E-1,
1619.000,9.44193304E-1,
1620.00,9.43783402E-1,
1621.000,9.43372428E-1,
1622.000,9.42960620E-1,
1623.000,9.42547679E-1,
1624.000,9.42133725E-1,
1625.000,9.41718817E-1,
1626.000,9.41302776E-1,
1627.000,9.40885961E-1,
1628.000,9.40468073E-1,
1629.000,9.40049171E-1,
1630.00,9.39629376E-1,
1631.000,9.39208627E-1,
1632.000,9.38786805E-1,
1633.000,9.38363969E-1,
1634.000,9.37940359E-1,
1635.000,9.37515736E-1,
1636.000,9.37090099E-1,
1637.000,9.36663687E-1,
1638.000,9.36236143E-1,
1639.000,9.35807765E-1,
1640.00,9.35378492E-1,
1641.000,9.34948266E-1,
1642.000,9.34517086E-1,
1643.000,9.34085071E-1,
1644.000,9.33652103E-1,
1645.000,9.33218181E-1,
1646.000,9.32783365E-1,
1647.000,9.32347715E-1,
1648.000,9.31911230E-1,
1649.000,9.31473732E-1,
1650.00,9.31035399E-1,
1651.000,9.30596232E-1,
1652.000,9.30156112E-1,
1653.000,9.29715157E-1,
1654.000,9.29273427E-1,
1655.000,9.28830862E-1,
1656.000,9.28387344E-1,
1657.000,9.27942932E-1,
1658.000,9.27497685E-1,
1659.000,9.27051723E-1,
1660.00,9.26604807E-1,
1661.000,9.26157057E-1,
1662.000,9.25708532E-1,
1663.000,9.25259173E-1,
1664.000,9.24809039E-1,
1665.000,9.24358010E-1,
1666.000,9.23906207E-1,
1667.000,9.23453629E-1,
1668.000,9.23000216E-1,
1669.000,9.22546029E-1,
1670.00,9.22091007E-1,
1671.000,9.21635151E-1,
1672.000,9.21178639E-1,
1673.000,9.20721352E-1,
1674.000,9.20263231E-1,
1675.000,9.19804335E-1,
1676.000,9.19344664E-1,
1677.000,9.18884277E-1,
1678.000,9.18423057E-1,
1679.000,9.17961061E-1,
1680.00,9.17498469E-1,
1681.000,9.17034984E-1,
1682.000,9.16570902E-1,
1683.000,9.16105926E-1,
1684.000,9.15640295E-1,
1685.000,9.15173948E-1,
1686.000,9.14706767E-1,
1687.000,9.14238930E-1,
1688.000,9.13770556E-1,
1689.000,9.13301229E-1,
1690.00,9.12831187E-1,
1691.000,9.12360609E-1,
1692.000,9.11889255E-1,
1693.000,9.11417186E-1,
1694.000,9.10944402E-1,
1695.000,9.10470963E-1,
1696.000,9.09996867E-1,
1697.000,9.09522057E-1,
1698.000,9.09046590E-1,
1699.000,9.08570409E-1,
1700.00,9.08093512E-1,
1701.000,9.07616079E-1,
1702.000,9.07137930E-1,
1703.000,9.06659126E-1,
1704.000,9.06179607E-1,
1705.000,9.05699551E-1,
1706.000,9.05218780E-1,
1707.000,9.04737413E-1,
1708.000,9.04255271E-1,
1709.000,9.03772771E-1,
1710.00,9.03289318E-1,
1711.000,9.02805448E-1,
1712.000,9.02320862E-1,
1713.000,9.01835740E-1,
1714.000,9.01349902E-1,
1715.000,9.00863528E-1,
1716.000,9.00376558E-1,
1717.000,8.99888873E-1,
1718.000,8.99400711E-1,
1719.000,8.98911893E-1,
1720.00,8.98422480E-1,
1721.000,8.97932529E-1,
1722.000,8.97441924E-1,
1723.000,8.96950841E-1,
1724.000,8.96459043E-1,
1725.000,8.95966768E-1,
1726.000,8.95473838E-1,
1727.000,8.94980431E-1,
1728.000,8.94486427E-1,
1729.000,8.93991768E-1,
1730.00,8.93496692E-1,
1731.000,8.93000960E-1,
1732.000,8.92504811E-1,
1733.000,8.92008007E-1,
1734.000,8.91510785E-1,
1735.000,8.91012907E-1,
1736.000,8.90514433E-1,
1737.000,8.90015483E-1,
1738.000,8.89516115E-1,
1739.000,8.89016092E-1,
1740.00,8.88515651E-1,
1741.000,8.88014615E-1,
1742.000,8.87513101E-1,
1743.000,8.87011111E-1,
1744.000,8.86508524E-1,
1745.000,8.86005461E-1,
1746.000,8.85501921E-1,
1747.000,8.84997845E-1,
1748.000,8.84493351E-1,
1749.000,8.83988261E-1,
1750.00,8.83482873E-1,
1751.000,8.82976770E-1,
1752.000,8.82470310E-1,
1753.000,8.81963372E-1,
1754.000,8.81455958E-1,
1755.000,8.80948007E-1,
1756.000,8.80439699E-1,
1757.000,8.79930854E-1,
1758.000,8.79421532E-1,
1759.000,8.78911734E-1,
1760.00,8.78401637E-1,
1761.000,8.77890885E-1,
1762.000,8.77379894E-1,
1763.000,8.76868248E-1,
1764.000,8.76356304E-1,
1765.000,8.75843942E-1,
1766.000,8.75331104E-1,
1767.000,8.74817729E-1,
1768.000,8.74304116E-1,
1769.000,8.73789966E-1,
1770.00,8.73275399E-1,
1771.000,8.72760475E-1,
1772.000,8.72245014E-1,
1773.000,8.71729255E-1,
1774.000,8.71213078E-1,
1775.000,8.70696425E-1,
1776.000,8.70179415E-1,
1777.000,8.69662046E-1,
1778.000,8.69144142E-1,
1779.000,8.68626058E-1,
1780.00,8.68107438E-1,
1781.000,8.67588460E-1,
1782.000,8.67069066E-1,
1783.000,8.66549313E-1,
1784.000,8.66029203E-1,
1785.000,8.65508676E-1,
1786.000,8.64987850E-1,
1787.000,8.64466608E-1,
1788.000,8.63945007E-1,
1789.000,8.63423049E-1,
1790.00,8.62900734E-1,
1791.000,8.62377942E-1,
1792.000,8.61854970E-1,
1793.000,8.61331582E-1,
1794.000,8.60807896E-1,
1795.000,8.60283852E-1,
1796.000,8.59759450E-1,
1797.000,8.59234571E-1,
1798.000,8.58709514E-1,
1799.000,8.58184099E-1,
1800.00,8.57658327E-1,
1801.000,8.57132256E-1,
1802.000,8.56605768E-1,
1803.000,8.56079102E-1,
1804.000,8.55552018E-1,
1805.000,8.55024636E-1,
1806.000,8.54496956E-1,
1807.000,8.53968918E-1,
1808.000,8.53440642E-1,
1809.000,8.52912068E-1,
1810.00,8.52383137E-1,
1811.000,8.51853907E-1,
1812.000,8.51324439E-1,
1813.000,8.50794613E-1,
1814.000,8.50264609E-1,
1815.000,8.49734128E-1,
1816.000,8.49203467E-1,
1817.000,8.48672509E-1,
1818.000,8.48141253E-1,
1819.000,8.47609818E-1,
1820.00,8.47078025E-1,
1821.000,8.46545935E-1,
1822.000,8.46013606E-1,
1823.000,8.45481038E-1,
1824.000,8.44948173E-1,
1825.000,8.44415009E-1,
1826.000,8.43881726E-1,
1827.000,8.43348086E-1,
1828.000,8.42814207E-1,
1829.000,8.42279971E-1,
1830.00,8.41745734E-1,
1831.000,8.41210961E-1,
1832.000,8.40676129E-1,
1833.000,8.40141058E-1,
1834.000,8.39605629E-1,
1835.000,8.39070082E-1,
1836.000,8.38534296E-1,
1837.000,8.37998152E-1,
1838.000,8.37461948E-1,
1839.000,8.36925507E-1,
1840.00,8.36388648E-1,
1841.000,8.35851848E-1,
1842.000,8.35314512E-1,
1843.000,8.34777236E-1,
1844.000,8.34239662E-1,
1845.000,8.33701789E-1,
1846.000,8.33163798E-1,
1847.000,8.32625568E-1,
1848.000,8.32087100E-1,
1849.000,8.31548512E-1,
1850.00,8.31009686E-1,
1851.000,8.30470681E-1,
1852.000,8.29931498E-1,
1853.000,8.29392016E-1,
1854.000,8.28852534E-1,
1855.000,8.28312635E-1,
1856.000,8.27772737E-1,
1857.000,8.27232599E-1,
1858.000,8.26692283E-1,
1859.000,8.26151788E-1,
1860.00,8.25611115E-1,
1861.000,8.25070262E-1,
1862.000,8.24529231E-1,
1863.000,8.23988080E-1,
1864.000,8.23446691E-1,
1865.000,8.22905183E-1,
1866.000,8.22363555E-1,
1867.000,8.21821630E-1,
1868.000,8.21279705E-1,
1869.000,8.20737600E-1,
1870.00,8.20195317E-1,
1871.000,8.19652855E-1,
1872.000,8.19110274E-1,
1873.000,8.18567514E-1,
1874.000,8.18024695E-1,
1875.000,8.17481637E-1,
1876.000,8.16938519E-1,
1877.000,8.16395164E-1,
1878.000,8.15851808E-1,
1879.000,8.15308273E-1,
1880.00,8.14764559E-1,
1881.000,8.14220786E-1,
1882.000,8.13676834E-1,
1883.000,8.13132763E-1,
1884.000,8.12588632E-1,
1885.000,8.12044322E-1,
1886.000,8.11499894E-1,
1887.000,8.10955346E-1,
1888.000,8.10410738E-1,
1889.000,8.09866011E-1,
1890.00,8.09321105E-1,
1891.000,8.08776200E-1,
1892.000,8.08231115E-1,
1893.000,8.07685912E-1,
1894.000,8.07140589E-1,
1895.000,8.06595385E-1,
1896.000,8.06049883E-1,
1897.000,8.05504322E-1,
1898.000,8.04958642E-1,
1899.000,8.04412901E-1,
1900.00,8.03867042E-1,
1901.000,8.03321183E-1,
1902.000,8.02775204E-1,
1903.000,8.02229166E-1,
1904.000,8.01683009E-1,
1905.000,8.01136732E-1,
1906.000,8.00590456E-1,
1907.000,8.00044119E-1,
1908.000,7.99497664E-1,
1909.000,7.98951089E-1,
1910.00,7.98404574E-1,
1911.000,7.97857940E-1,
1912.000,7.97311187E-1,
1913.000,7.96764433E-1,
1914.000,7.96217620E-1,
1915.000,7.95670629E-1,
1916.000,7.95123756E-1,
1917.000,7.94576705E-1,
1918.000,7.94029713E-1,
1919.000,7.93482602E-1,
1920.00,7.92935550E-1,
1921.000,7.92388260E-1,
1922.000,7.91841090E-1,
1923.000,7.91293740E-1,
1924.000,7.90746391E-1,
1925.000,7.90199041E-1,
1926.000,7.89651692E-1,
1927.000,7.89104223E-1,
1928.000,7.88556755E-1,
1929.000,7.88009286E-1,
1930.00,7.87461758E-1,
1931.000,7.86914170E-1,
1932.000,7.86366582E-1,
1933.000,7.85819054E-1,
1934.000,7.85271347E-1,
1935.000,7.84723699E-1,
1936.000,7.84176052E-1,
1937.000,7.83628285E-1,
1938.000,7.83080637E-1,
1939.000,7.82532871E-1,
1940.00,7.81985223E-1,
1941.000,7.81437516E-1,
1942.000,7.80889750E-1,
1943.000,7.80341983E-1,
1944.000,7.79794216E-1,
1945.000,7.79246449E-1,
1946.000,7.78698683E-1,
1947.000,7.78150916E-1,
1948.000,7.77603209E-1,
1949.000,7.77055442E-1,
1950.00,7.76507616E-1,
1951.000,7.75959909E-1,
1952.000,7.75412142E-1,
1953.000,7.74864435E-1,
1954.000,7.74316669E-1,
1955.000,7.73769021E-1,
1956.000,7.73221374E-1,
1957.000,7.72673666E-1,
1958.000,7.72126019E-1,
1959.000,7.71578431E-1,
1960.00,7.71030784E-1,
1961.000,7.70483255E-1,
1962.000,7.69935668E-1,
1963.000,7.69388080E-1,
1964.000,7.68840611E-1,
1965.000,7.68293083E-1,
1966.000,7.67745674E-1,
1967.000,7.67198265E-1,
1968.000,7.66650856E-1,
1969.000,7.66103506E-1,
1970.00,7.65556276E-1,
1971.000,7.65008986E-1,
1972.000,7.64461815E-1,
1973.000,7.63914526E-1,
1974.000,7.63367474E-1,
1975.000,7.62820244E-1,
1976.000,7.62273192E-1,
1977.000,7.61726260E-1,
1978.000,7.61179209E-1,
1979.000,7.60632336E-1,
1980.00,7.60085523E-1,
1981.000,7.59538770E-1,
1982.000,7.58992016E-1,
1983.000,7.58445323E-1,
1984.000,7.57898688E-1,
1985.000,7.57352173E-1,
1986.000,7.56805539E-1,
1987.000,7.56259263E-1,
1988.000,7.55712807E-1,
1989.000,7.55166471E-1,
1990.00,7.54620194E-1,
1991.000,7.54074097E-1,
1992.000,7.53527880E-1,
1993.000,7.52981901E-1,
1994.000,7.52435923E-1,
1995.000,7.51890063E-1,
1996.000,7.51344264E-1,
1997.000,7.50798523E-1,
1998.000,7.50252783E-1,
1999.000,7.49707282E-1,
2000.00,7.49161780E-1,
2001.000,7.48616397E-1,
2002.000,7.48071074E-1,
2003.000,7.47525811E-1,
2004.000,7.46980667E-1,
2005.000,7.46435642E-1,
2006.000,7.45890558E-1,
2007.000,7.45345712E-1,
2008.000,7.44800925E-1,
2009.000,7.44256198E-1,
2010.00,7.43711531E-1,
2011.000,7.43167043E-1,
2012.000,7.42622674E-1,
2013.000,7.42078304E-1,
2014.000,7.41534054E-1,
2015.000,7.40989983E-1,
2016.000,7.40445912E-1,
2017.000,7.39902020E-1,
2018.000,7.39358187E-1,
2019.000,7.38814592E-1,
2020.00,7.38270938E-1,
2021.000,7.37727463E-1,
2022.000,7.37184048E-1,
2023.000,7.36640811E-1,
2024.000,7.36097634E-1,
2025.000,7.35554636E-1,
2026.000,7.35011637E-1,
2027.000,7.34468877E-1,
2028.000,7.33926117E-1,
2029.000,7.33383596E-1,
2030.00,7.32841194E-1,
2031.000,7.32298732E-1,
2032.000,7.31756687E-1,
2033.000,7.31214523E-1,
2034.000,7.30672598E-1,
2035.000,7.30130672E-1,
2036.000,7.29588985E-1,
2037.000,7.29047418E-1,
2038.000,7.28505969E-1,
2039.000,7.27964580E-1,
2040.00,7.27423429E-1,
2041.000,7.26882458E-1,
2042.000,7.26341426E-1,
2043.000,7.25800633E-1,
2044.000,7.25260019E-1,
2045.000,7.24719465E-1,
2046.000,7.24179029E-1,
2047.000,7.23638833E-1,
2048.000,7.23098755E-1,
2049.000,7.22558737E-1,
2050.00,7.22018957E-1,
2051.000,7.21479237E-1,
2052.000,7.20939755E-1,
2053.000,7.20400453E-1,
2054.000,7.19861150E-1,
2055.000,7.19322085E-1,
2056.000,7.18783081E-1,
2057.000,7.18244374E-1,
2058.000,7.17705786E-1,
2059.000,7.17167258E-1,
2060.00,7.16628969E-1,
2061.000,7.16090679E-1,
2062.000,7.15552628E-1,
2063.000,7.15014875E-1,
2064.000,7.14477062E-1,
2065.000,7.13939607E-1,
2066.000,7.13402152E-1,
2067.000,7.12864995E-1,
2068.000,7.12327957E-1,
2069.000,7.11791039E-1,
2070.00,7.11254239E-1,
2071.000,7.10717738E-1,
2072.000,7.10181236E-1,
2073.000,7.09645092E-1,
2074.000,7.09108949E-1,
2075.000,7.08573103E-1,
2076.000,7.08037376E-1,
2077.000,7.07501769E-1,
2078.000,7.06966400E-1,
2079.000,7.06431210E-1,
2080.00,7.05896139E-1,
2081.000,7.05361307E-1,
2082.000,7.04826653E-1,
2083.000,7.04291999E-1,
2084.000,7.03757763E-1,
2085.000,7.03223586E-1,
2086.000,7.02689588E-1,
2087.000,7.02155828E-1,
2088.000,7.01622188E-1,
2089.000,7.01088727E-1,
2090.00,7.00555503E-1,
2091.000,7.00022399E-1,
2092.000,6.99489474E-1,
2093.000,6.98956847E-1,
2094.000,6.98424339E-1,
2095.000,6.97892010E-1,
2096.000,6.97359860E-1,
2097.000,6.96827948E-1,
2098.000,6.96296215E-1,
2099.000,6.95764542E-1,
2100.00,6.95233226E-1,
2101.000,6.94702089E-1,
2102.000,6.94171131E-1,
2103.000,6.93640292E-1,
2104.000,6.93109691E-1,
2105.000,6.92579329E-1,
2106.000,6.92049086E-1,
2107.000,6.91519022E-1,
2108.000,6.90989316E-1,
2109.000,6.90459669E-1,
2110.00,6.89930260E-1,
2111.000,6.89401090E-1,
2112.000,6.88872099E-1,
2113.000,6.88343287E-1,
2114.000,6.87814653E-1,
2115.000,6.87286317E-1,
2116.000,6.86758161E-1,
2117.000,6.86230183E-1,
2118.000,6.85702324E-1,
2119.000,6.85174823E-1,
2120.00,6.84647501E-1,
2121.000,6.84120297E-1,
2122.000,6.83593452E-1,
2123.000,6.83066726E-1,
2124.000,6.82540238E-1,
2125.000,6.82013929E-1,
2126.000,6.81487858E-1,
2127.000,6.80962026E-1,
2128.000,6.80436254E-1,
2129.000,6.79910898E-1,
2130.00,6.79385662E-1,
2131.000,6.78860664E-1,
2132.000,6.78335905E-1,
2133.000,6.77811325E-1,
2134.000,6.77286983E-1,
2135.000,6.76762879E-1,
2136.000,6.76239014E-1,
2137.000,6.75715327E-1,
2138.000,6.75191879E-1,
2139.000,6.74668610E-1,
2140.00,6.74145639E-1,
2141.000,6.73622847E-1,
2142.000,6.73100233E-1,
2143.000,6.72577977E-1,
2144.000,6.72055840E-1,
2145.000,6.71534002E-1,
2146.000,6.71012342E-1,
2147.000,6.70490921E-1,
2148.000,6.69969738E-1,
2149.000,6.69448793E-1,
2150.00,6.68928027E-1,
2151.000,6.68407500E-1,
2152.000,6.67887330E-1,
2153.000,6.67367280E-1,
2154.000,6.66847408E-1,
2155.000,6.66327834E-1,
2156.000,6.65808499E-1,
2157.000,6.65289462E-1,
2158.000,6.64770544E-1,
2159.000,6.64252043E-1,
2160.00,6.63733602E-1,
2161.000,6.63215518E-1,
2162.000,6.62697613E-1,
2163.000,6.62179947E-1,
2164.000,6.61662519E-1,
2165.000,6.61145329E-1,
2166.000,6.60628319E-1,
2167.000,6.60111666E-1,
2168.000,6.59595191E-1,
2169.000,6.59079015E-1,
2170.00,6.58563077E-1,
2171.000,6.58047318E-1,
2172.000,6.57531917E-1,
2173.000,6.57016635E-1,
2174.000,6.56501710E-1,
2175.000,6.55986905E-1,
2176.000,6.55472398E-1,
2177.000,6.54958248E-1,
2178.000,6.54444218E-1,
2179.000,6.53930485E-1,
2180.00,6.53416991E-1,
2181.000,6.52903736E-1,
2182.000,6.52390778E-1,
2183.000,6.51878059E-1,
2184.000,6.51365578E-1,
2185.000,6.50853336E-1,
2186.000,6.50341392E-1,
2187.000,6.49829566E-1,
2188.000,6.49318099E-1,
2189.000,6.48806989E-1,
2190.00,6.48295999E-1,
2191.000,6.47785306E-1,
2192.000,6.47274852E-1,
2193.000,6.46764636E-1,
2194.000,6.46254718E-1,
2195.000,6.45745039E-1,
2196.000,6.45235658E-1,
2197.000,6.44726574E-1,
2198.000,6.44217730E-1,
2199.000,6.43709004E-1,
2200.00,6.43200636E-1,
2201.000,6.42692566E-1,
2202.000,6.42184734E-1,
2203.000,6.41677141E-1,
2204.000,6.41169786E-1,
2205.000,6.40662730E-1,
2206.000,6.40155911E-1,
2207.000,6.39649451E-1,
2208.000,6.39143109E-1,
2209.000,6.38637185E-1,
2210.00,6.38131499E-1,
2211.000,6.37625992E-1,
2212.000,6.37120843E-1,
2213.000,6.36615813E-1,
2214.000,6.36111200E-1,
2215.000,6.35606825E-1,
2216.000,6.35102689E-1,
2217.000,6.34598911E-1,
2218.000,6.34095311E-1,
2219.000,6.33592010E-1,
2220.00,6.33088946E-1,
2221.000,6.32586122E-1,
2222.000,6.32083654E-1,
2223.000,6.31581485E-1,
2224.000,6.31079555E-1,
2225.000,6.30577862E-1,
2226.000,6.30076468E-1,
2227.000,6.29575312E-1,
2228.000,6.29074454E-1,
2229.000,6.28573954E-1,
2230.00,6.28073633E-1,
2231.000,6.27573609E-1,
2232.000,6.27073824E-1,
2233.000,6.26574337E-1,
2234.000,6.26075149E-1,
2235.000,6.25576258E-1,
2236.000,6.25077546E-1,
2237.000,6.24579191E-1,
2238.000,6.24081194E-1,
2239.000,6.23583376E-1,
2240.00,6.23085856E-1,
2241.000,6.22588634E-1,
2242.000,6.22091651E-1,
2243.000,6.21594906E-1,
2244.000,6.21098518E-1,
2245.000,6.20602369E-1,
2246.000,6.20106637E-1,
2247.000,6.19611084E-1,
2248.000,6.19115829E-1,
2249.000,6.18620753E-1,
2250.00,6.18126094E-1,
2251.000,6.17631614E-1,
2252.000,6.17137492E-1,
2253.000,6.16643727E-1,
2254.000,6.16150141E-1,
2255.000,6.15656853E-1,
2256.000,6.15163863E-1,
2257.000,6.14671171E-1,
2258.000,6.14178717E-1,
2259.000,6.13686562E-1,
2260.00,6.13194764E-1,
2261.000,6.12703204E-1,
2262.000,6.12211943E-1,
2263.000,6.11720979E-1,
2264.000,6.11230314E-1,
2265.000,6.10739887E-1,
2266.000,6.10249758E-1,
2267.000,6.09759927E-1,
2268.000,6.09270453E-1,
2269.000,6.08781159E-1,
2270.00,6.08292162E-1,
2271.000,6.07803583E-1,
2272.000,6.07315242E-1,
2273.000,6.06827199E-1,
2274.000,6.06339335E-1,
2275.000,6.05851889E-1,
2276.000,6.05364680E-1,
2277.000,6.04877770E-1,
2278.000,6.04391158E-1,
2279.000,6.03904784E-1,
2280.00,6.03418767E-1,
2281.000,6.02933109E-1,
2282.000,6.02447629E-1,
2283.000,6.01962507E-1,
2284.000,6.01477683E-1,
2285.000,6.00993156E-1,
2286.000,6.00508869E-1,
2287.000,6.00024939E-1,
2288.000,5.99541247E-1,
2289.000,5.99057853E-1,
2290.00,5.98574758E-1,
2291.000,5.98092020E-1,
2292.000,5.97609580E-1,
2293.000,5.97127438E-1,
2294.000,5.96645534E-1,
2295.000,5.96163929E-1,
2296.000,5.95682681E-1,
2297.000,5.95201671E-1,
2298.000,5.94721079E-1,
2299.000,5.94240606E-1,
2300.00,5.93760610E-1,
2301.000,5.93280792E-1,
2302.000,5.92801332E-1,
2303.000,5.92322111E-1,
2304.000,5.91843307E-1,
2305.000,5.91364682E-1,
2306.000,5.90886474E-1,
2307.000,5.90408504E-1,
2308.000,5.89930773E-1,
2309.000,5.89453518E-1,
2310.00,5.88976324E-1,
2311.000,5.88499606E-1,
2312.000,5.88023067E-1,
2313.000,5.87547004E-1,
2314.000,5.87071121E-1,
2315.000,5.86595535E-1,
2316.000,5.86120427E-1,
2317.000,5.85645378E-1,
2318.000,5.85170805E-1,
2319.000,5.84696472E-1,
2320.00,5.84222436E-1,
2321.000,5.83748698E-1,
2322.000,5.83275259E-1,
2323.000,5.82802176E-1,
2324.000,5.82329392E-1,
2325.000,5.81856787E-1,
2326.000,5.81384659E-1,
2327.000,5.80912709E-1,
2328.000,5.80441177E-1,
2329.000,5.79969943E-1,
2330.00,5.79498947E-1,
2331.000,5.79028249E-1,
2332.000,5.78557968E-1,
2333.000,5.78087866E-1,
2334.000,5.77618182E-1,
2335.000,5.77148736E-1,
2336.000,5.76679587E-1,
2337.000,5.76210797E-1,
2338.000,5.75742304E-1,
2339.000,5.75274110E-1,
2340.00,5.74806213E-1,
2341.000,5.74338675E-1,
2342.000,5.73871434E-1,
2343.000,5.73404372E-1,
2344.000,5.72937727E-1,
2345.000,5.72471440E-1,
2346.000,5.72005451E-1,
2347.000,5.71539760E-1,
2348.000,5.71074247E-1,
2349.000,5.70609212E-1,
2350.00,5.70144475E-1,
2351.000,5.69679916E-1,
2352.000,5.69215775E-1,
2353.000,5.68751872E-1,
2354.000,5.68288445E-1,
2355.000,5.67825139E-1,
2356.000,5.67362249E-1,
2357.000,5.66899598E-1,
2358.000,5.66437364E-1,
2359.000,5.65975428E-1,
2360.00,5.65513670E-1,
2361.000,5.65052390E-1,
2362.000,5.64591289E-1,
2363.000,5.64130545E-1,
2364.000,5.63670099E-1,
2365.000,5.63210070E-1,
2366.000,5.62750220E-1,
2367.000,5.62290788E-1,
2368.000,5.61831653E-1,
2369.000,5.61372817E-1,
2370.00,5.60914278E-1,
2371.000,5.60456038E-1,
2372.000,5.59998155E-1,
2373.000,5.59540510E-1,
2374.000,5.59083283E-1,
2375.000,5.58626294E-1,
2376.000,5.58169663E-1,
2377.000,5.57713270E-1,
2378.000,5.57257235E-1,
2379.000,5.56801558E-1,
2380.00,5.56346118E-1,
2381.000,5.55891156E-1,
2382.000,5.55436373E-1,
2383.000,5.54981947E-1,
2384.000,5.54527819E-1,
2385.000,5.54073989E-1,
2386.000,5.53620517E-1,
2387.000,5.53167284E-1,
2388.000,5.52714407E-1,
2389.000,5.52261889E-1,
2390.00,5.51809669E-1,
2391.000,5.51357687E-1,
2392.000,5.50906062E-1,
2393.000,5.50454795E-1,
2394.000,5.50003827E-1,
2395.000,5.49553275E-1,
2396.000,5.49102843E-1,
2397.000,5.48652887E-1,
2398.000,5.48203230E-1,
2399.000,5.47753811E-1,
2400.00,5.47304749E-1,
2401.000,5.46856046E-1,
2402.000,5.46407580E-1,
2403.000,5.45959473E-1,
2404.000,5.45511663E-1,
2405.000,5.45064151E-1,
2406.000,5.44617057E-1,
2407.000,5.44170141E-1,
2408.000,5.43723643E-1,
2409.000,5.43277442E-1,
2410.00,5.42831540E-1,
2411.000,5.42386055E-1,
2412.000,5.41940749E-1,
2413.000,5.41495860E-1,
2414.000,5.41051269E-1,
2415.000,5.40606976E-1,
2416.000,5.40162981E-1,
2417.000,5.39719284E-1,
2418.000,5.39275944E-1,
2419.000,5.38832963E-1,
2420.00,5.38390279E-1,
2421.000,5.37947834E-1,
2422.000,5.37505746E-1,
2423.000,5.37064075E-1,
2424.000,5.36622584E-1,
2425.000,5.36181450E-1,
2426.000,5.35740733E-1,
2427.000,5.35300255E-1,
2428.000,5.34860075E-1,
2429.000,5.34420252E-1,
2430.00,5.33980787E-1,
2431.000,5.33541560E-1,
2432.000,5.33102632E-1,
2433.000,5.32664180E-1,
2434.000,5.32225847E-1,
2435.000,5.31787932E-1,
2436.000,5.31350374E-1,
2437.000,5.30913174E-1,
2438.000,5.30476153E-1,
2439.000,5.30039549E-1,
2440.00,5.29603243E-1,
2441.000,5.29167235E-1,
2442.000,5.28731585E-1,
2443.000,5.28296173E-1,
2444.000,5.27861178E-1,
2445.000,5.27426481E-1,
2446.000,5.26992083E-1,
2447.000,5.26557982E-1,
2448.000,5.26124179E-1,
2449.000,5.25690734E-1,
2450.00,5.25257647E-1,
2451.000,5.24824858E-1,
2452.000,5.24392366E-1,
2453.000,5.23960233E-1,
2454.000,5.23528337E-1,
2455.000,5.23096859E-1,
2456.000,5.22665679E-1,
2457.000,5.22234738E-1,
2458.000,5.21804273E-1,
2459.000,5.21373987E-1,
2460.00,5.20944059E-1,
2461.000,5.20514488E-1,
2462.000,5.20085275E-1,
2463.000,5.19656241E-1,
2464.000,5.19227684E-1,
2465.000,5.18799365E-1,
2466.000,5.18371344E-1,
2467.000,5.17943680E-1,
2468.000,5.17516255E-1,
2469.000,5.17089248E-1,
2470.00,5.16662538E-1,
2471.000,5.16236186E-1,
2472.000,5.15810072E-1,
2473.000,5.15384376E-1,
2474.000,5.14958978E-1,
2475.000,5.14533877E-1,
2476.000,5.14109075E-1,
2477.000,5.13684571E-1,
2478.000,5.13260365E-1,
2479.000,5.12836576E-1,
2480.00,5.12413085E-1,
2481.000,5.11989832E-1,
2482.000,5.11567056E-1,
2483.000,5.11144459E-1,
2484.000,5.10722280E-1,
2485.000,5.10300338E-1,
2486.000,5.09878755E-1,
2487.000,5.09457469E-1,
2488.000,5.09036541E-1,
2489.000,5.08615851E-1,
2490.00,5.08195579E-1,
2491.000,5.07775664E-1,
2492.000,5.07355988E-1,
2493.000,5.06936550E-1,
2494.000,5.06517589E-1,
2495.000,5.06098866E-1,
2496.000,5.05680442E-1,
2497.000,5.05262434E-1,
2498.000,5.04844666E-1,
2499.000,5.04427254E-1,
2500.00,5.04010141E-1,
2501.000,5.03593385E-1,
2502.000,5.03176868E-1,
2503.000,5.02760768E-1,
2504.000,5.02344966E-1,
2505.000,5.01929462E-1,
2506.000,5.01514256E-1,
2507.000,5.01099348E-1,
2508.000,5.00684857E-1,
2509.000,5.00270545E-1,
2510.00,4.99856651E-1,
2511.000,4.99443054E-1,
2512.000,4.99029845E-1,
2513.000,4.98616874E-1,
2514.000,4.98204261E-1,
2515.000,4.97791946E-1,
2516.000,4.97379959E-1,
2517.000,4.96968269E-1,
2518.000,4.96556967E-1,
2519.000,4.96145874E-1,
2520.00,4.95735168E-1,
2521.000,4.95324761E-1,
2522.000,4.94914651E-1,
2523.000,4.94504958E-1,
2524.000,4.94095474E-1,
2525.000,4.93686348E-1,
2526.000,4.93277550E-1,
2527.000,4.92869049E-1,
2528.000,4.92460966E-1,
2529.000,4.92053062E-1,
2530.00,4.91645545E-1,
2531.000,4.91238356E-1,
2532.000,4.90831465E-1,
2533.000,4.90424871E-1,
2534.000,4.90018666E-1,
2535.000,4.89612669E-1,
2536.000,4.89207059E-1,
2537.000,4.88801748E-1,
2538.000,4.88396853E-1,
2539.000,4.87992167E-1,
2540.00,4.87587869E-1,
2541.000,4.87183750E-1,
2542.000,4.86780047E-1,
2543.000,4.86376673E-1,
2544.000,4.85973656E-1,
2545.000,4.85570848E-1,
2546.000,4.85168457E-1,
2547.000,4.84766364E-1,
2548.000,4.84364450E-1,
2549.000,4.83963072E-1,
2550.00,4.83561873E-1,
2551.000,4.83161062E-1,
2552.000,4.82760459E-1,
2553.000,4.82360274E-1,
2554.000,4.81960356E-1,
2555.000,4.81560767E-1,
2556.000,4.81161565E-1,
2557.000,4.80762571E-1,
2558.000,4.80363965E-1,
2559.000,4.79965657E-1,
2560.00,4.79567647E-1,
2561.000,4.79169965E-1,
2562.000,4.78772551E-1,
2563.000,4.78375554E-1,
2564.000,4.77978855E-1,
2565.000,4.77582365E-1,
2566.000,4.77186263E-1,
2567.000,4.76790547E-1,
2568.000,4.76395071E-1,
2569.000,4.75999862E-1,
2570.00,4.75605071E-1,
2571.000,4.75210547E-1,
2572.000,4.74816352E-1,
2573.000,4.74422455E-1,
2574.000,4.74028856E-1,
2575.000,4.73635674E-1,
2576.000,4.73242670E-1,
2577.000,4.72850055E-1,
2578.000,4.72457767E-1,
2579.000,4.72065747E-1,
2580.00,4.71674055E-1,
2581.000,4.71282661E-1,
2582.000,4.70891654E-1,
2583.000,4.70500857E-1,
2584.000,4.70110446E-1,
2585.000,4.69720364E-1,
2586.000,4.69330549E-1,
2587.000,4.68941063E-1,
2588.000,4.68551964E-1,
2589.000,4.68163073E-1,
2590.00,4.67774570E-1,
2591.000,4.67386365E-1,
2592.000,4.66998369E-1,
2593.000,4.66610759E-1,
2594.000,4.66223568E-1,
2595.000,4.65836555E-1,
2596.000,4.65449870E-1,
2597.000,4.65063572E-1,
2598.000,4.64677572E-1,
2599.000,4.64291751E-1,
2600.00,4.63906348E-1,
