Labels,T7 data_Nov 2018,
300.00,4.41809854E-4,
301.00,4.61824966E-4,
302.00,4.82570380E-4,
303.00,5.04058029E-4,
304.00,5.26299758E-4,
305.00,5.49307209E-4,
306.00,5.73092198E-4,
307.00,5.97666600E-4,
308.00,6.23042230E-4,
309.00,6.49230962E-4,
310.00,6.76244614E-4,
311.00,7.04099308E-4,
312.00,7.32828805E-4,
313.00,7.62470998E-4,
314.00,7.93063897E-4,
315.00,8.24645744E-4,
316.00,8.57254548E-4,
317.00,8.90927971E-4,
318.00,9.25704138E-4,
319.00,9.61621059E-4,
320.00,9.98716336E-4,
321.00,1.03702594E-3,
322.00,1.07657560E-3,
323.00,1.11738965E-3,
324.00,1.15949172E-3,
325.00,1.20290625E-3,
326.00,1.24765676E-3,
327.00,1.29376829E-3,
328.00,1.34126469E-3,
329.00,1.39017031E-3,
330.00,1.44050969E-3,
331.00,1.49231439E-3,
332.00,1.54564425E-3,
333.00,1.60056574E-3,
334.00,1.65714696E-3,
335.00,1.71545346E-3,
336.00,1.77555345E-3,
337.00,1.83751353E-3,
338.00,1.90140062E-3,
339.00,1.96728180E-3,
340.00,2.03522528E-3,
341.00,2.10529240E-3,
342.00,2.17752787E-3,
343.00,2.25196988E-3,
344.00,2.32865731E-3,
345.00,2.40762928E-3,
346.00,2.48892489E-3,
347.00,2.57258397E-3,
348.00,2.65864516E-3,
349.00,2.74714734E-3,
350.00,2.83813127E-3,
351.00,2.93163536E-3,
352.00,3.02770315E-3,
353.00,3.12637771E-3,
354.00,3.22770281E-3,
355.00,3.33172036E-3,
356.00,3.43847461E-3,
357.00,3.54800723E-3,
358.00,3.66036268E-3,
359.00,3.77558265E-3,
360.00,3.89371021E-3,
361.00,4.01477283E-3,
362.00,4.13873093E-3,
363.00,4.26553003E-3,
364.00,4.39511472E-3,
365.00,4.52743145E-3,
366.00,4.66242572E-3,
367.00,4.80004260E-3,
368.00,4.94022854E-3,
369.00,5.08293090E-3,
370.00,5.22809476E-3,
371.00,5.37567073E-3,
372.00,5.52562391E-3,
373.00,5.67792170E-3,
374.00,5.83253149E-3,
375.00,5.98942209E-3,
376.00,6.14855997E-3,
377.00,6.30991580E-3,
378.00,6.47345558E-3,
379.00,6.63914718E-3,
380.00,6.80695847E-3,
381.00,6.97687967E-3,
382.00,7.14898948E-3,
383.00,7.32338615E-3,
384.00,7.50016840E-3,
385.00,7.67943403E-3,
386.00,7.86128175E-3,
387.00,8.04580841E-3,
388.00,8.23311321E-3,
389.00,8.42329394E-3,
390.00,8.61644652E-3,
391.00,8.81268829E-3,
392.00,9.01219528E-3,
393.00,9.21516214E-3,
394.00,9.42178443E-3,
395.00,9.63225774E-3,
396.00,9.84677486E-3,
397.00,1.00655332E-2,
398.00,1.02887265E-2,
399.00,1.05165532E-2,
400.00,1.07492078E-2,
401.00,1.09868580E-2,
402.00,1.12295616E-2,
403.00,1.14773428E-2,
404.00,1.17302323E-2,
405.00,1.19882552E-2,
406.00,1.22514395E-2,
407.00,1.25198131E-2,
408.00,1.27934031E-2,
409.00,1.30722364E-2,
410.00,1.33563420E-2,
411.00,1.36457458E-2,
412.00,1.39405038E-2,
413.00,1.42406598E-2,
414.00,1.45462723E-2,
415.00,1.48573946E-2,
416.00,1.51740825E-2,
417.00,1.54963871E-2,
418.00,1.58243608E-2,
419.00,1.61580630E-2,
420.00,1.64975468E-2,
421.00,1.68428384E-2,
422.00,1.71938594E-2,
423.00,1.75504945E-2,
424.00,1.79126393E-2,
425.00,1.82801802E-2,
426.00,1.86530109E-2,
427.00,1.90310124E-2,
428.00,1.94140859E-2,
429.00,1.98021196E-2,
430.00,2.01949943E-2,
431.00,2.05926299E-2,
432.00,2.09950078E-2,
433.00,2.14021467E-2,
434.00,2.18140483E-2,
435.00,2.22307239E-2,
436.00,2.26521790E-2,
437.00,2.30784286E-2,
438.00,2.35094745E-2,
439.00,2.39453278E-2,
440.00,2.43859980E-2,
441.00,2.48315148E-2,
442.00,2.52819732E-2,
443.00,2.57375073E-2,
444.00,2.61982288E-2,
445.00,2.66642720E-2,
446.00,2.71357540E-2,
447.00,2.76127979E-2,
448.00,2.80955322E-2,
449.00,2.85840724E-2,
450.00,2.90785469E-2,
451.00,2.95790508E-2,
452.00,3.00855450E-2,
453.00,3.05979718E-2,
454.00,3.11162677E-2,
455.00,3.16403806E-2,
456.00,3.21702398E-2,
457.00,3.27057764E-2,
458.00,3.32469381E-2,
459.00,3.37936543E-2,
460.00,3.43458503E-2,
461.00,3.49034965E-2,
462.00,3.54666114E-2,
463.00,3.60352509E-2,
464.00,3.66094671E-2,
465.00,3.71893123E-2,
466.00,3.77748273E-2,
467.00,3.83660831E-2,
468.00,3.89631093E-2,
469.00,3.95659655E-2,
470.00,4.01746966E-2,
471.00,4.07893732E-2,
472.00,4.14101444E-2,
473.00,4.20371704E-2,
474.00,4.26706225E-2,
475.00,4.33106758E-2,
476.00,4.39574979E-2,
477.00,4.46112528E-2,
478.00,4.52721119E-2,
479.00,4.59402464E-2,
480.00,4.66158055E-2,
481.00,4.72989455E-2,
482.00,4.79896441E-2,
483.00,4.86878380E-2,
484.00,4.93934713E-2,
485.00,5.01064919E-2,
486.00,5.08268513E-2,
487.00,5.15544936E-2,
488.00,5.22893630E-2,
489.00,5.30314073E-2,
490.00,5.37805669E-2,
491.00,5.45367897E-2,
492.00,5.53000234E-2,
493.00,5.60702346E-2,
494.00,5.68473600E-2,
495.00,5.76313436E-2,
496.00,5.84221333E-2,
497.00,5.92196845E-2,
498.00,6.00239448E-2,
499.00,6.08348586E-2,
500.00,6.16523735E-2,
501.00,6.24764115E-2,
502.00,6.33068010E-2,
503.00,6.41433001E-2,
504.00,6.49857521E-2,
505.00,6.58338964E-2,
506.00,6.66875392E-2,
507.00,6.75464720E-2,
508.00,6.84104860E-2,
509.00,6.92793503E-2,
510.00,7.01528862E-2,
511.00,7.10309148E-2,
512.00,7.19136372E-2,
513.00,7.28012547E-2,
514.00,7.36940205E-2,
515.00,7.45921880E-2,
516.00,7.54959509E-2,
517.00,7.64055848E-2,
518.00,7.73213059E-2,
519.00,7.82433674E-2,
520.00,7.91719854E-2,
521.00,8.01073909E-2,
522.00,8.10496286E-2,
523.00,8.19987133E-2,
524.00,8.29546899E-2,
525.00,8.39175433E-2,
526.00,8.48873407E-2,
527.00,8.58640745E-2,
528.00,8.68477598E-2,
529.00,8.78384337E-2,
530.00,8.88360962E-2,
531.00,8.98407847E-2,
532.00,9.08524171E-2,
533.00,9.18709487E-2,
534.00,9.28963423E-2,
535.00,9.39285234E-2,
536.00,9.49674472E-2,
537.00,9.60130468E-2,
538.00,9.70652774E-2,
539.00,9.81240943E-2,
540.00,9.91894156E-2,
541.00,1.00261174E-1,
542.00,1.01339072E-1,
543.00,1.02422863E-1,
544.00,1.03512175E-1,
545.00,1.04606770E-1,
546.00,1.05706297E-1,
547.00,1.06810443E-1,
548.00,1.07918940E-1,
549.00,1.09031446E-1,
550.00,1.10147677E-1,
551.00,1.11267418E-1,
552.00,1.12390794E-1,
553.00,1.13518037E-1,
554.00,1.14649378E-1,
555.00,1.15785062E-1,
556.00,1.16925292E-1,
557.00,1.18070327E-1,
558.00,1.19220376E-1,
559.00,1.20375685E-1,
560.00,1.21536463E-1,
561.00,1.22702993E-1,
562.00,1.23875558E-1,
563.00,1.25054553E-1,
564.00,1.26240268E-1,
565.00,1.27433077E-1,
566.00,1.28633261E-1,
567.00,1.29841179E-1,
568.00,1.31057173E-1,
569.00,1.32281587E-1,
570.00,1.33514732E-1,
571.00,1.34756878E-1,
572.00,1.36007860E-1,
573.00,1.37267515E-1,
574.00,1.38535634E-1,
575.00,1.39812022E-1,
576.00,1.41096398E-1,
577.00,1.42388642E-1,
578.00,1.43688515E-1,
579.00,1.44995824E-1,
580.00,1.46310344E-1,
581.00,1.47631824E-1,
582.00,1.48959756E-1,
583.00,1.50293529E-1,
584.00,1.51632622E-1,
585.00,1.52976453E-1,
586.00,1.54324412E-1,
587.00,1.55676022E-1,
588.00,1.57030612E-1,
589.00,1.58387676E-1,
590.00,1.59746632E-1,
591.00,1.61107078E-1,
592.00,1.62469149E-1,
593.00,1.63833201E-1,
594.00,1.65199593E-1,
595.00,1.66568607E-1,
596.00,1.67940602E-1,
597.00,1.69315904E-1,
598.00,1.70694828E-1,
599.00,1.72077760E-1,
600.00,1.73464984E-1,
601.00,1.74856812E-1,
602.00,1.76253334E-1,
603.00,1.77654594E-1,
604.00,1.79060608E-1,
605.00,1.80471450E-1,
606.00,1.81887209E-1,
607.00,1.83307871E-1,
608.00,1.84733510E-1,
609.00,1.86164171E-1,
610.00,1.87599853E-1,
611.00,1.89040616E-1,
612.00,1.90486401E-1,
613.00,1.91937000E-1,
614.00,1.93392366E-1,
615.00,1.94852307E-1,
616.00,1.96316749E-1,
617.00,1.97785571E-1,
618.00,1.99258626E-1,
619.00,2.00735807E-1,
620.00,2.02216968E-1,
621.00,2.03701988E-1,
622.00,2.05190673E-1,
623.00,2.06682771E-1,
624.00,2.08178043E-1,
625.00,2.09676325E-1,
626.00,2.11177304E-1,
627.00,2.12680846E-1,
628.00,2.14186653E-1,
629.00,2.15694562E-1,
630.00,2.17204332E-1,
631.00,2.18715742E-1,
632.00,2.20228598E-1,
633.00,2.21742705E-1,
634.00,2.23257869E-1,
635.00,2.24773884E-1,
636.00,2.26290613E-1,
637.00,2.27807775E-1,
638.00,2.29325205E-1,
639.00,2.30842665E-1,
640.00,2.32360005E-1,
641.00,2.33877108E-1,
642.00,2.35394195E-1,
643.00,2.36911446E-1,
644.00,2.38429204E-1,
645.00,2.39947647E-1,
646.00,2.41467148E-1,
647.00,2.42987871E-1,
648.00,2.44510040E-1,
649.00,2.46033967E-1,
650.00,2.47559920E-1,
651.00,2.49088138E-1,
652.00,2.50618637E-1,
653.00,2.52151430E-1,
654.00,2.53686577E-1,
655.00,2.55224168E-1,
656.00,2.56764203E-1,
657.00,2.58306712E-1,
658.00,2.59851724E-1,
659.00,2.61399388E-1,
660.00,2.62949735E-1,
661.00,2.64503032E-1,
662.00,2.66059905E-1,
663.00,2.67621428E-1,
664.00,2.69188404E-1,
665.00,2.70761818E-1,
666.00,2.72342563E-1,
667.00,2.73931593E-1,
668.00,2.75529653E-1,
669.00,2.77137816E-1,
670.00,2.78756976E-1,
671.00,2.80387729E-1,
672.00,2.82030165E-1,
673.00,2.83684283E-1,
674.00,2.85349786E-1,
675.00,2.87026644E-1,
676.00,2.88714796E-1,
677.00,2.90414155E-1,
678.00,2.92124569E-1,
679.00,2.93845892E-1,
680.00,2.95578092E-1,
681.00,2.97320873E-1,
682.00,2.99074054E-1,
683.00,3.00837249E-1,
684.00,3.02610219E-1,
685.00,3.04392457E-1,
686.00,3.06183636E-1,
687.00,3.07983458E-1,
688.00,3.09791386E-1,
689.00,3.11607152E-1,
690.00,3.13430369E-1,
691.00,3.15260649E-1,
692.00,3.17098022E-1,
693.00,3.18942368E-1,
694.00,3.20793569E-1,
695.00,3.22651654E-1,
696.00,3.24516505E-1,
697.00,3.26388001E-1,
698.00,3.28265965E-1,
699.00,3.30150455E-1,
700.00,3.32041055E-1,
701.00,3.33937794E-1,
702.00,3.35841149E-1,
703.00,3.37751746E-1,
704.00,3.39670122E-1,
705.00,3.41597050E-1,
706.00,3.43532950E-1,
707.00,3.45478535E-1,
708.00,3.47434461E-1,
709.00,3.49401236E-1,
710.00,3.51379514E-1,
711.00,3.53369713E-1,
712.00,3.55371147E-1,
713.00,3.57382745E-1,
714.00,3.59403610E-1,
715.00,3.61432791E-1,
716.00,3.63469243E-1,
717.00,3.65511924E-1,
718.00,3.67559791E-1,
719.00,3.69611740E-1,
720.00,3.71666789E-1,
721.00,3.73724043E-1,
722.00,3.75782937E-1,
723.00,3.77843261E-1,
724.00,3.79904658E-1,
725.00,3.81966829E-1,
726.00,3.84029359E-1,
727.00,3.86092007E-1,
728.00,3.88154477E-1,
729.00,3.90216380E-1,
730.00,3.92277420E-1,
731.00,3.94337207E-1,
732.00,3.96395296E-1,
733.00,3.98451358E-1,
734.00,4.00504977E-1,
735.00,4.02555674E-1,
736.00,4.04603362E-1,
737.00,4.06647593E-1,
738.00,4.08688009E-1,
739.00,4.10724401E-1,
740.00,4.12756354E-1,
741.00,4.14783746E-1,
742.00,4.16806072E-1,
743.00,4.18822944E-1,
744.00,4.20833975E-1,
745.00,4.22838718E-1,
746.00,4.24836874E-1,
747.00,4.26827878E-1,
748.00,4.28811312E-1,
749.00,4.30786729E-1,
750.00,4.32753801E-1,
751.00,4.34712142E-1,
752.00,4.36661899E-1,
753.00,4.38603312E-1,
754.00,4.40536618E-1,
755.00,4.42461997E-1,
756.00,4.44379747E-1,
757.00,4.46290016E-1,
758.00,4.48193222E-1,
759.00,4.50089604E-1,
760.00,4.51979458E-1,
761.00,4.53863323E-1,
762.00,4.55741882E-1,
763.00,4.57615703E-1,
764.00,4.59485888E-1,
765.00,4.61353183E-1,
766.00,4.63218123E-1,
767.00,4.65081722E-1,
768.00,4.66944724E-1,
769.00,4.68807876E-1,
770.00,4.70671922E-1,
771.00,4.72537488E-1,
772.00,4.74404514E-1,
773.00,4.76272732E-1,
774.00,4.78142053E-1,
775.00,4.80012178E-1,
776.00,4.81883019E-1,
777.00,4.83754367E-1,
778.00,4.85626072E-1,
779.00,4.87498075E-1,
780.00,4.89370167E-1,
781.00,4.91242319E-1,
782.00,4.93114144E-1,
783.00,4.94985312E-1,
784.00,4.96855497E-1,
785.00,4.98724520E-1,
786.00,5.00592053E-1,
787.00,5.02457678E-1,
788.00,5.04321277E-1,
789.00,5.06182432E-1,
790.00,5.08040845E-1,
791.00,5.09896100E-1,
792.00,5.11747062E-1,
793.00,5.13592243E-1,
794.00,5.15430272E-1,
795.00,5.17259955E-1,
796.00,5.19079983E-1,
797.00,5.20889044E-1,
798.00,5.22686064E-1,
799.00,5.24469674E-1,
800.00,5.26238680E-1,
801.00,5.27992129E-1,
802.00,5.29730856E-1,
803.00,5.31455994E-1,
804.00,5.33168554E-1,
805.00,5.34869790E-1,
806.00,5.36560595E-1,
807.00,5.38242221E-1,
808.00,5.39915323E-1,
809.00,5.41581213E-1,
810.00,5.43240666E-1,
811.00,5.44894993E-1,
812.00,5.46544671E-1,
813.00,5.48190296E-1,
814.00,5.49832761E-1,
815.00,5.51472604E-1,
816.00,5.53110480E-1,
817.00,5.54746866E-1,
818.00,5.56382239E-1,
819.00,5.58017433E-1,
820.00,5.59652865E-1,
821.00,5.61288893E-1,
822.00,5.62925816E-1,
823.00,5.64563572E-1,
824.00,5.66202044E-1,
825.00,5.67841470E-1,
826.00,5.69481790E-1,
827.00,5.71123123E-1,
828.00,5.72765708E-1,
829.00,5.74409366E-1,
830.00,5.76054454E-1,
831.00,5.77700734E-1,
832.00,5.79348445E-1,
833.00,5.80997288E-1,
834.00,5.82647085E-1,
835.00,5.84297836E-1,
836.00,5.85949123E-1,
837.00,5.87601006E-1,
838.00,5.89253426E-1,
839.00,5.90906024E-1,
840.00,5.92558801E-1,
841.00,5.94211519E-1,
842.00,5.95864117E-1,
843.00,5.97516239E-1,
844.00,5.99167585E-1,
845.00,6.00818217E-1,
846.00,6.02467597E-1,
847.00,6.04115725E-1,
848.00,6.05762124E-1,
849.00,6.07406676E-1,
850.00,6.09048843E-1,
851.00,6.10686839E-1,
852.00,6.12322450E-1,
853.00,6.13955677E-1,
854.00,6.15586400E-1,
855.00,6.17214441E-1,
856.00,6.18839800E-1,
857.00,6.20462596E-1,
858.00,6.22082531E-1,
859.00,6.23699725E-1,
860.00,6.25314057E-1,
861.00,6.26925647E-1,
862.00,6.28534377E-1,
863.00,6.30140483E-1,
864.00,6.31743789E-1,
865.00,6.33344412E-1,
866.00,6.34942293E-1,
867.00,6.36537492E-1,
868.00,6.38129830E-1,
869.00,6.39719367E-1,
870.00,6.41306162E-1,
871.00,6.42890096E-1,
872.00,6.44470990E-1,
873.00,6.46048903E-1,
874.00,6.47623718E-1,
875.00,6.49195433E-1,
876.00,6.50763750E-1,
877.00,6.52328908E-1,
878.00,6.53890610E-1,
879.00,6.55448794E-1,
880.00,6.57003582E-1,
881.00,6.58554673E-1,
882.00,6.60102367E-1,
883.00,6.61646485E-1,
884.00,6.63187265E-1,
885.00,6.64724529E-1,
886.00,6.66258454E-1,
887.00,6.67788804E-1,
888.00,6.69315696E-1,
889.00,6.70838892E-1,
890.00,6.72358274E-1,
891.00,6.73873961E-1,
892.00,6.75385594E-1,
893.00,6.76893353E-1,
894.00,6.78397000E-1,
895.00,6.79896772E-1,
896.00,6.81392372E-1,
897.00,6.82884216E-1,
898.00,6.84372246E-1,
899.00,6.85856462E-1,
900.00,6.87336922E-1,
901.00,6.88813627E-1,
902.00,6.90286696E-1,
903.00,6.91756308E-1,
904.00,6.93222463E-1,
905.00,6.94685161E-1,
906.00,6.96144521E-1,
907.00,6.97600722E-1,
908.00,6.99053705E-1,
909.00,7.00503826E-1,
910.00,7.01950848E-1,
911.00,7.03395069E-1,
912.00,7.04836369E-1,
913.00,7.06274986E-1,
914.00,7.07710922E-1,
915.00,7.09144235E-1,
916.00,7.10574746E-1,
917.00,7.12002695E-1,
918.00,7.13428080E-1,
919.00,7.14850962E-1,
920.00,7.16271281E-1,
921.00,7.17689276E-1,
922.00,7.19105005E-1,
923.00,7.20518470E-1,
924.00,7.21929610E-1,
925.00,7.23338604E-1,
926.00,7.24745333E-1,
927.00,7.26149917E-1,
928.00,7.27552354E-1,
929.00,7.28952587E-1,
930.00,7.30350673E-1,
931.00,7.31746674E-1,
932.00,7.33140588E-1,
933.00,7.34532297E-1,
934.00,7.35921800E-1,
935.00,7.37309217E-1,
936.00,7.38694370E-1,
937.00,7.40077257E-1,
938.00,7.41457939E-1,
939.00,7.42836177E-1,
940.00,7.44212031E-1,
941.00,7.45585442E-1,
942.00,7.46956468E-1,
943.00,7.48324811E-1,
944.00,7.49690831E-1,
945.00,7.51054227E-1,
946.00,7.52414942E-1,
947.00,7.53772736E-1,
948.00,7.55127549E-1,
949.00,7.56479383E-1,
950.00,7.57827997E-1,
951.00,7.59173274E-1,
952.00,7.60515034E-1,
953.00,7.61853337E-1,
954.00,7.63187885E-1,
955.00,7.64518857E-1,
956.00,7.65845954E-1,
957.00,7.67169058E-1,
958.00,7.68488228E-1,
959.00,7.69803405E-1,
960.00,7.71114409E-1,
961.00,7.72421181E-1,
962.00,7.73723602E-1,
963.00,7.75021851E-1,
964.00,7.76315629E-1,
965.00,7.77604938E-1,
966.00,7.78889835E-1,
967.00,7.80170202E-1,
968.00,7.81446099E-1,
969.00,7.82717347E-1,
970.00,7.83984303E-1,
971.00,7.85246611E-1,
972.00,7.86504507E-1,
973.00,7.87757933E-1,
974.00,7.89006829E-1,
975.00,7.90251255E-1,
976.00,7.91491032E-1,
977.00,7.92726636E-1,
978.00,7.93957829E-1,
979.00,7.95184910E-1,
980.00,7.96407759E-1,
981.00,7.97626913E-1,
982.00,7.98842192E-1,
983.00,8.00053716E-1,
984.00,8.01261663E-1,
985.00,8.02466154E-1,
986.00,8.03667188E-1,
987.00,8.04864824E-1,
988.00,8.06059182E-1,
989.00,8.07250142E-1,
990.00,8.08437943E-1,
991.00,8.09622705E-1,
992.00,8.10804248E-1,
993.00,8.11982691E-1,
994.00,8.13158274E-1,
995.00,8.14330518E-1,
996.00,8.15499902E-1,
997.00,8.16666067E-1,
998.00,8.17829490E-1,
999.00,8.18989575E-1,
1000.00,8.20146620E-1,
1001.000,8.21300685E-1,
1002.000,8.22451532E-1,
1003.000,8.23599041E-1,
1004.000,8.24743152E-1,
1005.000,8.25883627E-1,
1006.000,8.27020466E-1,
1007.000,8.28153372E-1,
1008.000,8.29282522E-1,
1009.000,8.30407381E-1,
1010.00,8.31527948E-1,
1011.000,8.32644343E-1,
1012.000,8.33756208E-1,
1013.000,8.34863603E-1,
1014.000,8.35966289E-1,
1015.000,8.37064385E-1,
1016.000,8.38157356E-1,
1017.000,8.39245677E-1,
1018.000,8.40328932E-1,
1019.000,8.41407239E-1,
1020.00,8.42480779E-1,
1021.000,8.43549252E-1,
1022.000,8.44612777E-1,
1023.000,8.45671177E-1,
1024.000,8.46724868E-1,
1025.000,8.47773612E-1,
1026.000,8.48817348E-1,
1027.000,8.49856138E-1,
1028.000,8.50890219E-1,
1029.000,8.51919234E-1,
1030.00,8.52943480E-1,
1031.000,8.53962779E-1,
1032.000,8.54977429E-1,
1033.000,8.55987072E-1,
1034.000,8.56992006E-1,
1035.000,8.57992053E-1,
1036.000,8.58987272E-1,
1037.000,8.59977901E-1,
1038.000,8.60963404E-1,
1039.000,8.61944139E-1,
1040.00,8.62920165E-1,
1041.000,8.63891244E-1,
1042.000,8.64857256E-1,
1043.000,8.65818501E-1,
1044.000,8.66774738E-1,
1045.000,8.67726207E-1,
1046.000,8.68672669E-1,
1047.000,8.69614124E-1,
1048.000,8.70550752E-1,
1049.000,8.71482551E-1,
1050.00,8.72409463E-1,
1051.000,8.73331666E-1,
1052.000,8.74249220E-1,
1053.000,8.75162005E-1,
1054.000,8.76070321E-1,
1055.000,8.76973927E-1,
1056.000,8.77873182E-1,
1057.000,8.78768086E-1,
1058.000,8.79658341E-1,
1059.000,8.80544543E-1,
1060.00,8.81426275E-1,
1061.000,8.82303715E-1,
1062.000,8.83177042E-1,
1063.000,8.84046018E-1,
1064.000,8.84910762E-1,
1065.000,8.85771334E-1,
1066.000,8.86627674E-1,
1067.000,8.87479722E-1,
1068.000,8.88327718E-1,
1069.000,8.89171362E-1,
1070.00,8.90011013E-1,
1071.000,8.90846491E-1,
1072.000,8.91677678E-1,
1073.000,8.92504752E-1,
1074.000,8.93327713E-1,
1075.000,8.94146681E-1,
1076.000,8.94961298E-1,
1077.000,8.95771682E-1,
1078.000,8.96577954E-1,
1079.000,8.97379875E-1,
1080.00,8.98177564E-1,
1081.000,8.98970902E-1,
1082.000,8.99759948E-1,
1083.000,9.00544763E-1,
1084.000,9.01325226E-1,
1085.000,9.02101398E-1,
1086.000,9.02873337E-1,
1087.000,9.03640926E-1,
1088.000,9.04404283E-1,
1089.000,9.05163348E-1,
1090.00,9.05918241E-1,
1091.000,9.06668663E-1,
1092.000,9.07414794E-1,
1093.000,9.08156633E-1,
1094.000,9.08894002E-1,
1095.000,9.09626961E-1,
1096.000,9.10355449E-1,
1097.000,9.11079466E-1,
1098.000,9.11798954E-1,
1099.000,9.12513793E-1,
1100.00,9.13224220E-1,
1101.000,9.13930237E-1,
1102.000,9.14631724E-1,
1103.000,9.15328860E-1,
1104.000,9.16021824E-1,
1105.000,9.16710377E-1,
1106.000,9.17394876E-1,
1107.000,9.18075025E-1,
1108.000,9.18751180E-1,
1109.000,9.19423103E-1,
1110.00,9.20091033E-1,
1111.000,9.20754552E-1,
1112.000,9.21413958E-1,
1113.000,9.22069252E-1,
1114.000,9.22720373E-1,
1115.000,9.23367321E-1,
1116.000,9.24009681E-1,
1117.000,9.24648106E-1,
1118.000,9.25282121E-1,
1119.000,9.25911784E-1,
1120.00,9.26537216E-1,
1121.000,9.27158296E-1,
1122.000,9.27774966E-1,
1123.000,9.28387284E-1,
1124.000,9.28995252E-1,
1125.000,9.29599047E-1,
1126.000,9.30198669E-1,
1127.000,9.30794179E-1,
1128.000,9.31385458E-1,
1129.000,9.31972623E-1,
1130.00,9.32556033E-1,
1131.000,9.33135390E-1,
1132.000,9.33711171E-1,
1133.000,9.34283137E-1,
1134.000,9.34851587E-1,
1135.000,9.35416400E-1,
1136.000,9.35977519E-1,
1137.000,9.36534941E-1,
1138.000,9.37089145E-1,
1139.000,9.37639654E-1,
1140.00,9.38186765E-1,
1141.000,9.38730478E-1,
1142.000,9.39270794E-1,
1143.000,9.39807832E-1,
1144.000,9.40341413E-1,
1145.000,9.40871656E-1,
1146.000,9.41398561E-1,
1147.000,9.41922069E-1,
1148.000,9.42442238E-1,
1149.000,9.42959130E-1,
1150.00,9.43472624E-1,
1151.000,9.43982780E-1,
1152.000,9.44489658E-1,
1153.000,9.44992959E-1,
1154.000,9.45493042E-1,
1155.000,9.45989549E-1,
1156.000,9.46482539E-1,
1157.000,9.46972132E-1,
1158.000,9.47458148E-1,
1159.000,9.47940767E-1,
1160.00,9.48419988E-1,
1161.000,9.48895574E-1,
1162.000,9.49367642E-1,
1163.000,9.49836314E-1,
1164.000,9.50301468E-1,
1165.000,9.50762987E-1,
1166.000,9.51220810E-1,
1167.000,9.51674938E-1,
1168.000,9.52125311E-1,
1169.000,9.52571929E-1,
1170.00,9.53014493E-1,
1171.000,9.53453124E-1,
1172.000,9.53887701E-1,
1173.000,9.54318404E-1,
1174.000,9.54744875E-1,
1175.000,9.55167174E-1,
1176.000,9.55584943E-1,
1177.000,9.55998600E-1,
1178.000,9.56407785E-1,
1179.000,9.56812501E-1,
1180.00,9.57212985E-1,
1181.000,9.57609117E-1,
1182.000,9.58001077E-1,
1183.000,9.58388984E-1,
1184.000,9.58772600E-1,
1185.000,9.59152162E-1,
1186.000,9.59527433E-1,
1187.000,9.59898710E-1,
1188.000,9.60265815E-1,
1189.000,9.60629046E-1,
1190.00,9.60988045E-1,
1191.000,9.61343288E-1,
1192.000,9.61694479E-1,
1193.000,9.62041736E-1,
1194.000,9.62385416E-1,
1195.000,9.62725222E-1,
1196.000,9.63061392E-1,
1197.000,9.63394046E-1,
1198.000,9.63723302E-1,
1199.000,9.64049101E-1,
1200.00,9.64371562E-1,
1201.000,9.64691162E-1,
1202.000,9.65007722E-1,
1203.000,9.65321422E-1,
1204.000,9.65632379E-1,
1205.000,9.65940535E-1,
1206.000,9.66246188E-1,
1207.000,9.66549277E-1,
1208.000,9.66849744E-1,
1209.000,9.67147887E-1,
1210.00,9.67443705E-1,
1211.000,9.67737019E-1,
1212.000,9.68028188E-1,
1213.000,9.68317211E-1,
1214.000,9.68603849E-1,
1215.000,9.68888521E-1,
1216.000,9.69171047E-1,
1217.000,9.69451487E-1,
1218.000,9.69729781E-1,
1219.000,9.70006049E-1,
1220.00,9.70280111E-1,
1221.000,9.70551789E-1,
1222.000,9.70821202E-1,
1223.000,9.71088231E-1,
1224.000,9.71353114E-1,
1225.000,9.71615434E-1,
1226.000,9.71875370E-1,
1227.000,9.72132921E-1,
1228.000,9.72388029E-1,
1229.000,9.72640514E-1,
1230.00,9.72890496E-1,
1231.000,9.73137617E-1,
1232.000,9.73381996E-1,
1233.000,9.73623812E-1,
1234.000,9.73862529E-1,
1235.000,9.74098504E-1,
1236.000,9.74331558E-1,
1237.000,9.74561691E-1,
1238.000,9.74789083E-1,
1239.000,9.75013435E-1,
1240.00,9.75234985E-1,
1241.000,9.75453615E-1,
1242.000,9.75669324E-1,
1243.000,9.75882292E-1,
1244.000,9.76092517E-1,
1245.000,9.76299882E-1,
1246.000,9.76504564E-1,
1247.000,9.76706624E-1,
1248.000,9.76906180E-1,
1249.000,9.77103055E-1,
1250.00,9.77297723E-1,
1251.000,9.77489769E-1,
1252.000,9.77679729E-1,
1253.000,9.77867365E-1,
1254.000,9.78052855E-1,
1255.000,9.78236258E-1,
1256.000,9.78417516E-1,
1257.000,9.78596807E-1,
1258.000,9.78774011E-1,
1259.000,9.78949428E-1,
1260.00,9.79122877E-1,
1261.000,9.79294181E-1,
1262.000,9.79463696E-1,
1263.000,9.79631186E-1,
1264.000,9.79796588E-1,
1265.000,9.79960382E-1,
1266.000,9.80121851E-1,
1267.000,9.80281591E-1,
1268.000,9.80439425E-1,
1269.000,9.80595648E-1,
1270.00,9.80749667E-1,
1271.000,9.80901957E-1,
1272.000,9.81052518E-1,
1273.000,9.81201231E-1,
1274.000,9.81348217E-1,
1275.000,9.81493473E-1,
1276.000,9.81637180E-1,
1277.000,9.81778979E-1,
1278.000,9.81919408E-1,
1279.000,9.82057989E-1,
1280.00,9.82195020E-1,
1281.000,9.82330084E-1,
1282.000,9.82463360E-1,
1283.000,9.82594669E-1,
1284.000,9.82723892E-1,
1285.000,9.82850969E-1,
1286.000,9.82975960E-1,
1287.000,9.83098745E-1,
1288.000,9.83218789E-1,
1289.000,9.83336806E-1,
1290.00,9.83452201E-1,
1291.000,9.83565032E-1,
1292.000,9.83675301E-1,
1293.000,9.83783007E-1,
1294.000,9.83887851E-1,
1295.000,9.83990192E-1,
1296.000,9.84089613E-1,
1297.000,9.84186292E-1,
1298.000,9.84279931E-1,
1299.000,9.84370708E-1,
1300.00,9.84458506E-1,
1301.000,9.84543264E-1,
1302.000,9.84624863E-1,
1303.000,9.84703302E-1,
1304.000,9.84778762E-1,
1305.000,9.84851122E-1,
1306.000,9.84920442E-1,
1307.000,9.84986842E-1,
1308.000,9.85050380E-1,
1309.000,9.85111117E-1,
1310.00,9.85169291E-1,
1311.000,9.85224664E-1,
1312.000,9.85277712E-1,
1313.000,9.85328197E-1,
1314.000,9.85376477E-1,
1315.000,9.85422313E-1,
1316.000,9.85465944E-1,
1317.000,9.85507488E-1,
1318.000,9.85546827E-1,
1319.000,9.85584140E-1,
1320.00,9.85619605E-1,
1321.000,9.85653043E-1,
1322.000,9.85684574E-1,
1323.000,9.85714376E-1,
1324.000,9.85742211E-1,
1325.000,9.85768318E-1,
1326.000,9.85792458E-1,
1327.000,9.85814810E-1,
1328.000,9.85835671E-1,
1329.000,9.85854387E-1,
1330.00,9.85871196E-1,
1331.000,9.85886276E-1,
1332.000,9.85899508E-1,
1333.000,9.85910594E-1,
1334.000,9.85919952E-1,
1335.000,9.85927284E-1,
1336.000,9.85932350E-1,
1337.000,9.85935509E-1,
1338.000,9.85936224E-1,
1339.000,9.85934675E-1,
1340.00,9.85930681E-1,
1341.000,9.85924184E-1,
1342.000,9.85915065E-1,
1343.000,9.85903025E-1,
1344.000,9.85888183E-1,
1345.000,9.85870183E-1,
1346.000,9.85848963E-1,
1347.000,9.85824704E-1,
1348.000,9.85796809E-1,
1349.000,9.85765517E-1,
1350.00,9.85730648E-1,
1351.000,9.85691905E-1,
1352.000,9.85649765E-1,
1353.000,9.85603452E-1,
1354.000,9.85553265E-1,
1355.000,9.85498905E-1,
1356.000,9.85440314E-1,
1357.000,9.85377431E-1,
1358.000,9.85310197E-1,
1359.000,9.85238492E-1,
1360.00,9.85162616E-1,
1361.000,9.85082030E-1,
1362.000,9.84997213E-1,
1363.000,9.84907687E-1,
1364.000,9.84813869E-1,
1365.000,9.84715700E-1,
1366.000,9.84612942E-1,
1367.000,9.84505951E-1,
1368.000,9.84394789E-1,
1369.000,9.84279394E-1,
1370.00,9.84159708E-1,
1371.000,9.84036028E-1,
1372.000,9.83908474E-1,
1373.000,9.83777165E-1,
1374.000,9.83641863E-1,
1375.000,9.83503044E-1,
1376.000,9.83360648E-1,
1377.000,9.83214498E-1,
1378.000,9.83064830E-1,
1379.000,9.82911408E-1,
1380.00,9.82754350E-1,
1381.000,9.82593715E-1,
1382.000,9.82429326E-1,
1383.000,9.82261121E-1,
1384.000,9.82089460E-1,
1385.000,9.81913924E-1,
1386.000,9.81734991E-1,
1387.000,9.81552601E-1,
1388.000,9.81366873E-1,
1389.000,9.81177866E-1,
1390.00,9.80985761E-1,
1391.000,9.80790615E-1,
1392.000,9.80592430E-1,
1393.000,9.80391204E-1,
1394.000,9.80187058E-1,
1395.000,9.79979634E-1,
1396.000,9.79769230E-1,
1397.000,9.79555428E-1,
1398.000,9.79338706E-1,
1399.000,9.79118884E-1,
1400.00,9.78896201E-1,
1401.000,9.78670478E-1,
1402.000,9.78441894E-1,
1403.000,9.78210449E-1,
1404.000,9.77976382E-1,
1405.000,9.77739692E-1,
1406.000,9.77500379E-1,
1407.000,9.77258563E-1,
1408.000,9.77014244E-1,
1409.000,9.76767600E-1,
1410.00,9.76518571E-1,
1411.000,9.76267219E-1,
1412.000,9.76013541E-1,
1413.000,9.75757778E-1,
1414.000,9.75500107E-1,
1415.000,9.75240290E-1,
1416.000,9.74978864E-1,
1417.000,9.74715829E-1,
1418.000,9.74451542E-1,
1419.000,9.74185824E-1,
1420.00,9.73919034E-1,
1421.000,9.73651111E-1,
1422.000,9.73382175E-1,
1423.000,9.73112583E-1,
1424.000,9.72842157E-1,
1425.000,9.72571194E-1,
1426.000,9.72299576E-1,
1427.000,9.72027540E-1,
1428.000,9.71754849E-1,
1429.000,9.71481860E-1,
1430.00,9.71208572E-1,
1431.000,9.70934629E-1,
1432.000,9.70660567E-1,
1433.000,9.70386028E-1,
1434.000,9.70111310E-1,
1435.000,9.69836354E-1,
1436.000,9.69561338E-1,
1437.000,9.69286084E-1,
1438.000,9.69010770E-1,
1439.000,9.68735278E-1,
1440.00,9.68459725E-1,
1441.000,9.68184114E-1,
1442.000,9.67908382E-1,
1443.000,9.67632532E-1,
1444.000,9.67356741E-1,
1445.000,9.67080712E-1,
1446.000,9.66804564E-1,
1447.000,9.66528237E-1,
1448.000,9.66251612E-1,
1449.000,9.65974569E-1,
1450.00,9.65697467E-1,
1451.000,9.65419948E-1,
1452.000,9.65142131E-1,
1453.000,9.64864016E-1,
1454.000,9.64585304E-1,
1455.000,9.64306056E-1,
1456.000,9.64026451E-1,
1457.000,9.63746309E-1,
1458.000,9.63465512E-1,
1459.000,9.63184118E-1,
1460.00,9.62902069E-1,
1461.000,9.62619483E-1,
1462.000,9.62336123E-1,
1463.000,9.62052047E-1,
1464.000,9.61767256E-1,
1465.000,9.61481690E-1,
1466.000,9.61195290E-1,
1467.000,9.60907817E-1,
1468.000,9.60619390E-1,
1469.000,9.60329711E-1,
1470.00,9.60038662E-1,
1471.000,9.59746242E-1,
1472.000,9.59452629E-1,
1473.000,9.59157526E-1,
1474.000,9.58861053E-1,
1475.000,9.58562911E-1,
1476.000,9.58263278E-1,
1477.000,9.57962096E-1,
1478.000,9.57659304E-1,
1479.000,9.57354724E-1,
1480.00,9.57048476E-1,
1481.000,9.56740618E-1,
1482.000,9.56431150E-1,
1483.000,9.56120074E-1,
1484.000,9.55807328E-1,
1485.000,9.55493093E-1,
1486.000,9.55177367E-1,
1487.000,9.54860151E-1,
1488.000,9.54541445E-1,
1489.000,9.54221249E-1,
1490.00,9.53899384E-1,
1491.000,9.53575850E-1,
1492.000,9.53250527E-1,
1493.000,9.52923477E-1,
1494.000,9.52594519E-1,
1495.000,9.52263832E-1,
1496.000,9.51931179E-1,
1497.000,9.51596856E-1,
1498.000,9.51260448E-1,
1499.000,9.50922608E-1,
1500.00,9.50582802E-1,
1501.000,9.50241268E-1,
1502.000,9.49898183E-1,
1503.000,9.49553370E-1,
1504.000,9.49207306E-1,
1505.000,9.48859453E-1,
1506.000,9.48510408E-1,
1507.000,9.48159993E-1,
1508.000,9.47808623E-1,
1509.000,9.47456062E-1,
1510.00,9.47102726E-1,
1511.000,9.46748734E-1,
1512.000,9.46394205E-1,
1513.000,9.46039259E-1,
1514.000,9.45683956E-1,
1515.000,9.45328772E-1,
1516.000,9.44973409E-1,
1517.000,9.44618046E-1,
1518.000,9.44262803E-1,
1519.000,9.43907738E-1,
1520.00,9.43552971E-1,
1521.000,9.43198502E-1,
1522.000,9.42844152E-1,
1523.000,9.42489862E-1,
1524.000,9.42135870E-1,
1525.000,9.41782117E-1,
1526.000,9.41428244E-1,
1527.000,9.41074550E-1,
1528.000,9.40720677E-1,
1529.000,9.40366805E-1,
1530.00,9.40012753E-1,
1531.000,9.39658344E-1,
1532.000,9.39303637E-1,
1533.000,9.38948572E-1,
1534.000,9.38592732E-1,
1535.000,9.38236237E-1,
1536.000,9.37879026E-1,
1537.000,9.37520921E-1,
1538.000,9.37161505E-1,
1539.000,9.36801076E-1,
1540.00,9.36439395E-1,
1541.000,9.36076581E-1,
1542.000,9.35712457E-1,
1543.000,9.35346901E-1,
1544.000,9.34980154E-1,
1545.000,9.34611857E-1,
1546.000,9.34242368E-1,
1547.000,9.33871329E-1,
1548.000,9.33498859E-1,
1549.000,9.33125317E-1,
1550.00,9.32750106E-1,
1551.000,9.32373703E-1,
1552.000,9.31996167E-1,
1553.000,9.31617200E-1,
1554.000,9.31237102E-1,
1555.000,9.30855632E-1,
1556.000,9.30472732E-1,
1557.000,9.30088341E-1,
1558.000,9.29702401E-1,
1559.000,9.29314852E-1,
1560.00,9.28925753E-1,
1561.000,9.28534985E-1,
1562.000,9.28142607E-1,
1563.000,9.27748561E-1,
1564.000,9.27352607E-1,
1565.000,9.26954925E-1,
1566.000,9.26555574E-1,
1567.000,9.26154494E-1,
1568.000,9.25751567E-1,
1569.000,9.25347030E-1,
1570.00,9.24941003E-1,
1571.000,9.24533427E-1,
1572.000,9.24124300E-1,
1573.000,9.23713744E-1,
1574.000,9.23301697E-1,
1575.000,9.22888398E-1,
1576.000,9.22473609E-1,
1577.000,9.22057629E-1,
1578.000,9.21640337E-1,
1579.000,9.21221852E-1,
1580.00,9.20802414E-1,
1581.000,9.20382023E-1,
1582.000,9.19960499E-1,
1583.000,9.19538140E-1,
1584.000,9.19115007E-1,
1585.000,9.18691099E-1,
1586.000,9.18266356E-1,
1587.000,9.17841136E-1,
1588.000,9.17415082E-1,
1589.000,9.16988492E-1,
1590.00,9.16561425E-1,
1591.000,9.16133463E-1,
1592.000,9.15704787E-1,
1593.000,9.15275335E-1,
1594.000,9.14845228E-1,
1595.000,9.14414227E-1,
1596.000,9.13982451E-1,
1597.000,9.13549900E-1,
1598.000,9.13116395E-1,
1599.000,9.12682235E-1,
1600.00,9.12247062E-1,
1601.000,9.11798358E-1,
1602.000,9.11348701E-1,
1603.000,9.10898209E-1,
1604.000,9.10446882E-1,
1605.000,9.09994662E-1,
1606.000,9.09541607E-1,
1607.000,9.09087658E-1,
1608.000,9.08632934E-1,
1609.000,9.08177316E-1,
1610.00,9.07720923E-1,
1611.000,9.07263637E-1,
1612.000,9.06805515E-1,
1613.000,9.06346619E-1,
1614.000,9.05886889E-1,
1615.000,9.05426383E-1,
1616.000,9.04964983E-1,
1617.000,9.04502869E-1,
1618.000,9.04039919E-1,
1619.000,9.03576076E-1,
1620.00,9.03111577E-1,
1621.000,9.02646244E-1,
1622.000,9.02180135E-1,
1623.000,9.01713252E-1,
1624.000,9.01245594E-1,
1625.000,9.00777161E-1,
1626.000,9.00307953E-1,
1627.000,8.99837971E-1,
1628.000,8.99367273E-1,
1629.000,8.98895800E-1,
1630.00,8.98423612E-1,
1631.000,8.97950649E-1,
1632.000,8.97476971E-1,
1633.000,8.97002578E-1,
1634.000,8.96527410E-1,
1635.000,8.96051526E-1,
1636.000,8.95574927E-1,
1637.000,8.95097613E-1,
1638.000,8.94619584E-1,
1639.000,8.94140840E-1,
1640.00,8.93661380E-1,
1641.000,8.93181205E-1,
1642.000,8.92700374E-1,
1643.000,8.92218888E-1,
1644.000,8.91736686E-1,
1645.000,8.91253769E-1,
1646.000,8.90770197E-1,
1647.000,8.90285969E-1,
1648.000,8.89801025E-1,
1649.000,8.89315426E-1,
1650.00,8.88829231E-1,
1651.000,8.88342321E-1,
1652.000,8.87854755E-1,
1653.000,8.87366474E-1,
1654.000,8.86877656E-1,
1655.000,8.86388183E-1,
1656.000,8.85898054E-1,
1657.000,8.85407269E-1,
1658.000,8.84915888E-1,
1659.000,8.84423912E-1,
1660.00,8.83931279E-1,
1661.000,8.83438051E-1,
1662.000,8.82944167E-1,
1663.000,8.82449746E-1,
1664.000,8.81954610E-1,
1665.000,8.81458938E-1,
1666.000,8.80962670E-1,
1667.000,8.80465806E-1,
1668.000,8.79968405E-1,
1669.000,8.79470348E-1,
1670.00,8.78971756E-1,
1671.000,8.78472626E-1,
1672.000,8.77972841E-1,
1673.000,8.77472520E-1,
1674.000,8.76971602E-1,
1675.000,8.76470208E-1,
1676.000,8.75968218E-1,
1677.000,8.75465691E-1,
1678.000,8.74962628E-1,
1679.000,8.74458969E-1,
1680.00,8.73954833E-1,
1681.000,8.73450100E-1,
1682.000,8.72944832E-1,
1683.000,8.72439086E-1,
1684.000,8.71932805E-1,
1685.000,8.71426046E-1,
1686.000,8.70918691E-1,
1687.000,8.70410919E-1,
1688.000,8.69902551E-1,
1689.000,8.69393766E-1,
1690.00,8.68884385E-1,
1691.000,8.68374527E-1,
1692.000,8.67864251E-1,
1693.000,8.67353439E-1,
1694.000,8.66842151E-1,
1695.000,8.66330385E-1,
1696.000,8.65818143E-1,
1697.000,8.65305364E-1,
1698.000,8.64792228E-1,
1699.000,8.64278555E-1,
1700.00,8.63764465E-1,
1701.000,8.63249898E-1,
1702.000,8.62734914E-1,
1703.000,8.62219453E-1,
1704.000,8.61703515E-1,
1705.000,8.61187160E-1,
1706.000,8.60670388E-1,
1707.000,8.60153139E-1,
1708.000,8.59635532E-1,
1709.000,8.59117448E-1,
1710.00,8.58598948E-1,
1711.000,8.58079970E-1,
1712.000,8.57560694E-1,
1713.000,8.57040942E-1,
1714.000,8.56520772E-1,
1715.000,8.56000245E-1,
1716.000,8.55479300E-1,
1717.000,8.54957938E-1,
1718.000,8.54436219E-1,
1719.000,8.53914082E-1,
1720.00,8.53391588E-1,
1721.000,8.52868676E-1,
1722.000,8.52345407E-1,
1723.000,8.51821721E-1,
1724.000,8.51297736E-1,
1725.000,8.50773394E-1,
1726.000,8.50248635E-1,
1727.000,8.49723577E-1,
1728.000,8.49198103E-1,
1729.000,8.48672330E-1,
1730.00,8.48146081E-1,
1731.000,8.47619593E-1,
1732.000,8.47092807E-1,
1733.000,8.46565604E-1,
1734.000,8.46038103E-1,
1735.000,8.45510244E-1,
1736.000,8.44982088E-1,
1737.000,8.44453633E-1,
1738.000,8.43924820E-1,
1739.000,8.43395710E-1,
1740.00,8.42866302E-1,
1741.000,8.42336476E-1,
1742.000,8.41806471E-1,
1743.000,8.41276109E-1,
1744.000,8.40745509E-1,
1745.000,8.40214550E-1,
1746.000,8.39683354E-1,
1747.000,8.39151740E-1,
1748.000,8.38619947E-1,
1749.000,8.38087916E-1,
1750.00,8.37555587E-1,
1751.000,8.37022960E-1,
1752.000,8.36489975E-1,
1753.000,8.35956812E-1,
1754.000,8.35423410E-1,
1755.000,8.34889710E-1,
1756.000,8.34355831E-1,
1757.000,8.33821595E-1,
1758.000,8.33287120E-1,
1759.000,8.32752466E-1,
1760.00,8.32217515E-1,
1761.000,8.31682384E-1,
1762.000,8.31146955E-1,
1763.000,8.30611289E-1,
1764.000,8.30075443E-1,
1765.000,8.29539359E-1,
1766.000,8.29003036E-1,
1767.000,8.28466535E-1,
1768.000,8.27929735E-1,
1769.000,8.27392757E-1,
1770.00,8.26855600E-1,
1771.000,8.26318264E-1,
1772.000,8.25780690E-1,
1773.000,8.25242877E-1,
1774.000,8.24704945E-1,
1775.000,8.24166775E-1,
1776.000,8.23628426E-1,
1777.000,8.23089898E-1,
1778.000,8.22551131E-1,
1779.000,8.22012246E-1,
1780.00,8.21473241E-1,
1781.000,8.20933998E-1,
1782.000,8.20394576E-1,
1783.000,8.19854975E-1,
1784.000,8.19315255E-1,
1785.000,8.18775356E-1,
1786.000,8.18235338E-1,
1787.000,8.17695141E-1,
1788.000,8.17154706E-1,
1789.000,8.16614211E-1,
1790.00,8.16073596E-1,
1791.000,8.15532863E-1,
1792.000,8.14991951E-1,
1793.000,8.14450860E-1,
1794.000,8.13909650E-1,
1795.000,8.13368380E-1,
1796.000,8.12826931E-1,
1797.000,8.12285423E-1,
1798.000,8.11743677E-1,
1799.000,8.11201930E-1,
1800.00,8.10660064E-1,
1801.000,8.10118020E-1,
1802.000,8.09575975E-1,
1803.000,8.09033692E-1,
1804.000,8.08491409E-1,
1805.000,8.07949007E-1,
1806.000,8.07406545E-1,
1807.000,8.06863964E-1,
1808.000,8.06321204E-1,
1809.000,8.05778503E-1,
1810.00,8.05235684E-1,
1811.000,8.04692745E-1,
1812.000,8.04149806E-1,
1813.000,8.03606689E-1,
1814.000,8.03063571E-1,
1815.000,8.02520394E-1,
1816.000,8.01977158E-1,
1817.000,8.01433802E-1,
1818.000,8.00890386E-1,
1819.000,8.00347030E-1,
1820.00,7.99803555E-1,
1821.000,7.99260020E-1,
1822.000,7.98716486E-1,
1823.000,7.98172832E-1,
1824.000,7.97629178E-1,
1825.000,7.97085524E-1,
1826.000,7.96541810E-1,
1827.000,7.95998037E-1,
1828.000,7.95454264E-1,
1829.000,7.94910491E-1,
1830.00,7.94366717E-1,
1831.000,7.93822885E-1,
1832.000,7.93278992E-1,
1833.000,7.92735159E-1,
1834.000,7.92191327E-1,
1835.000,7.91647434E-1,
1836.000,7.91103601E-1,
1837.000,7.90559649E-1,
1838.000,7.90015817E-1,
1839.000,7.89471984E-1,
1840.00,7.88928092E-1,
1841.000,7.88384259E-1,
1842.000,7.87840426E-1,
1843.000,7.87296593E-1,
1844.000,7.86752820E-1,
1845.000,7.86209047E-1,
1846.000,7.85665333E-1,
1847.000,7.85121560E-1,
1848.000,7.84577847E-1,
1849.000,7.84034193E-1,
1850.00,7.83490598E-1,
1851.000,7.82947004E-1,
1852.000,7.82403469E-1,
1853.000,7.81859994E-1,
1854.000,7.81316519E-1,
1855.000,7.80773163E-1,
1856.000,7.80229747E-1,
1857.000,7.79686451E-1,
1858.000,7.79143274E-1,
1859.000,7.78600097E-1,
1860.00,7.78056979E-1,
1861.000,7.77513921E-1,
1862.000,7.76970923E-1,
1863.000,7.76428044E-1,
1864.000,7.75885224E-1,
1865.000,7.75342524E-1,
1866.000,7.74799764E-1,
1867.000,7.74257183E-1,
1868.000,7.73714721E-1,
1869.000,7.73172319E-1,
1870.00,7.72629976E-1,
1871.000,7.72087693E-1,
1872.000,7.71545589E-1,
1873.000,7.71003544E-1,
1874.000,7.70461619E-1,
1875.000,7.69919813E-1,
1876.000,7.69378006E-1,
1877.000,7.68836439E-1,
1878.000,7.68294930E-1,
1879.000,7.67753541E-1,
1880.00,7.67212272E-1,
1881.000,7.66671062E-1,
1882.000,7.66130030E-1,
1883.000,7.65589118E-1,
1884.000,7.65048325E-1,
1885.000,7.64507651E-1,
1886.000,7.63967097E-1,
1887.000,7.63426721E-1,
1888.000,7.62886465E-1,
1889.000,7.62346327E-1,
1890.00,7.61806369E-1,
1891.000,7.61266470E-1,
1892.000,7.60726810E-1,
1893.000,7.60187268E-1,
1894.000,7.59647906E-1,
1895.000,7.59108663E-1,
1896.000,7.58569539E-1,
1897.000,7.58030593E-1,
1898.000,7.57491887E-1,
1899.000,7.56953299E-1,
1900.00,7.56414831E-1,
1901.000,7.55876541E-1,
1902.000,7.55338430E-1,
1903.000,7.54800558E-1,
1904.000,7.54262805E-1,
1905.000,7.53725231E-1,
1906.000,7.53187776E-1,
1907.000,7.52650619E-1,
1908.000,7.52113581E-1,
1909.000,7.51576722E-1,
1910.00,7.51040101E-1,
1911.000,7.50503600E-1,
1912.000,7.49967337E-1,
1913.000,7.49431312E-1,
1914.000,7.48895466E-1,
1915.000,7.48359799E-1,
1916.000,7.47824252E-1,
1917.000,7.47289002E-1,
1918.000,7.46753991E-1,
1919.000,7.46219158E-1,
1920.00,7.45684564E-1,
1921.000,7.45150149E-1,
1922.000,7.44615912E-1,
1923.000,7.44081914E-1,
1924.000,7.43548155E-1,
1925.000,7.43014634E-1,
1926.000,7.42481351E-1,
1927.000,7.41948247E-1,
1928.000,7.41415381E-1,
1929.000,7.40882814E-1,
1930.00,7.40350425E-1,
1931.000,7.39818275E-1,
1932.000,7.39286304E-1,
1933.000,7.38754690E-1,
1934.000,7.38223255E-1,
1935.000,7.37692118E-1,
1936.000,7.37161160E-1,
1937.000,7.36630499E-1,
1938.000,7.36100018E-1,
1939.000,7.35569894E-1,
1940.00,7.35039949E-1,
1941.000,7.34510303E-1,
1942.000,7.33980954E-1,
1943.000,7.33451784E-1,
1944.000,7.32922912E-1,
1945.000,7.32394278E-1,
1946.000,7.31865942E-1,
1947.000,7.31337905E-1,
1948.000,7.30810106E-1,
1949.000,7.30282545E-1,
1950.00,7.29755342E-1,
1951.000,7.29228377E-1,
1952.000,7.28701711E-1,
1953.000,7.28175342E-1,
1954.000,7.27649212E-1,
1955.000,7.27123380E-1,
1956.000,7.26597846E-1,
1957.000,7.26072609E-1,
1958.000,7.25547671E-1,
1959.000,7.25023031E-1,
1960.00,7.24498689E-1,
1961.000,7.23974526E-1,
1962.000,7.23450780E-1,
1963.000,7.22927332E-1,
1964.000,7.22404242E-1,
1965.000,7.21881390E-1,
1966.000,7.21358836E-1,
1967.000,7.20836580E-1,
1968.000,7.20314682E-1,
1969.000,7.19793081E-1,
1970.00,7.19271839E-1,
1971.000,7.18750894E-1,
1972.000,7.18230247E-1,
1973.000,7.17709959E-1,
1974.000,7.17189908E-1,
1975.000,7.16670215E-1,
1976.000,7.16150880E-1,
1977.000,7.15631902E-1,
1978.000,7.15113223E-1,
1979.000,7.14594901E-1,
1980.00,7.14076817E-1,
1981.000,7.13559151E-1,
1982.000,7.13041842E-1,
1983.000,7.12524891E-1,
1984.000,7.12008238E-1,
1985.000,7.11491942E-1,
1986.000,7.10975945E-1,
1987.000,7.10460305E-1,
1988.000,7.09945023E-1,
1989.000,7.09430158E-1,
1990.00,7.08915591E-1,
1991.000,7.08401382E-1,
1992.000,7.07887590E-1,
1993.000,7.07374096E-1,
1994.000,7.06860900E-1,
1995.000,7.06348121E-1,
1996.000,7.05835760E-1,
1997.000,7.05323696E-1,
1998.000,7.04812050E-1,
1999.000,7.04300761E-1,
2000.00,7.03789830E-1,
2001.000,7.03279257E-1,
2002.000,7.02769041E-1,
2003.000,7.02259243E-1,
2004.000,7.01749802E-1,
2005.000,7.01240778E-1,
2006.000,7.00732112E-1,
2007.000,7.00223804E-1,
2008.000,6.99715912E-1,
2009.000,6.99208379E-1,
2010.00,6.98701203E-1,
2011.000,6.98194504E-1,
2012.000,6.97688162E-1,
2013.000,6.97182178E-1,
2014.000,6.96676612E-1,
2015.000,6.96171463E-1,
2016.000,6.95666671E-1,
2017.000,6.95162237E-1,
2018.000,6.94658279E-1,
2019.000,6.94154680E-1,
2020.00,6.93651497E-1,
2021.000,6.93148732E-1,
2022.000,6.92646384E-1,
2023.000,6.92144454E-1,
2024.000,6.91642880E-1,
2025.000,6.91141784E-1,
2026.000,6.90640986E-1,
2027.000,6.90140665E-1,
2028.000,6.89640760E-1,
2029.000,6.89141273E-1,
2030.00,6.88642204E-1,
2031.000,6.88143611E-1,
2032.000,6.87645376E-1,
2033.000,6.87147558E-1,
2034.000,6.86650217E-1,
2035.000,6.86153173E-1,
2036.000,6.85656667E-1,
2037.000,6.85160577E-1,
2038.000,6.84664905E-1,
2039.000,6.84169650E-1,
2040.00,6.83674872E-1,
2041.000,6.83180511E-1,
2042.000,6.82686567E-1,
2043.000,6.82193041E-1,
2044.000,6.81699991E-1,
2045.000,6.81207299E-1,
2046.000,6.80715144E-1,
2047.000,6.80223405E-1,
2048.000,6.79732084E-1,
2049.000,6.79241240E-1,
2050.00,6.78750813E-1,
2051.000,6.78260863E-1,
2052.000,6.77771389E-1,
2053.000,6.77282333E-1,
2054.000,6.76793694E-1,
2055.000,6.76305532E-1,
2056.000,6.75817788E-1,
2057.000,6.75330520E-1,
2058.000,6.74843729E-1,
2059.000,6.74357414E-1,
2060.00,6.73871517E-1,
2061.000,6.73386097E-1,
2062.000,6.72901154E-1,
2063.000,6.72416627E-1,
2064.000,6.71932638E-1,
2065.000,6.71449065E-1,
2066.000,6.70965970E-1,
2067.000,6.70483351E-1,
2068.000,6.70001149E-1,
2069.000,6.69519424E-1,
2070.00,6.69038177E-1,
2071.000,6.68557465E-1,
2072.000,6.68077171E-1,
2073.000,6.67597353E-1,
2074.000,6.67118013E-1,
2075.000,6.66639209E-1,
2076.000,6.66160822E-1,
2077.000,6.65682912E-1,
2078.000,6.65205479E-1,
2079.000,6.64728582E-1,
2080.00,6.64252102E-1,
2081.000,6.63776159E-1,
2082.000,6.63300693E-1,
2083.000,6.62825704E-1,
2084.000,6.62351191E-1,
2085.000,6.61877096E-1,
2086.000,6.61403537E-1,
2087.000,6.60930514E-1,
2088.000,6.60457969E-1,
2089.000,6.59985900E-1,
2090.00,6.59514368E-1,
2091.000,6.59043252E-1,
2092.000,6.58572674E-1,
2093.000,6.58102632E-1,
2094.000,6.57633007E-1,
2095.000,6.57163978E-1,
2096.000,6.56695366E-1,
2097.000,6.56227291E-1,
2098.000,6.55759692E-1,
2099.000,6.55292630E-1,
2100.00,6.54826045E-1,
2101.000,6.54359937E-1,
2102.000,6.53894365E-1,
2103.000,6.53429329E-1,
2104.000,6.52964771E-1,
2105.000,6.52500749E-1,
2106.000,6.52037203E-1,
2107.000,6.51574135E-1,
2108.000,6.51111662E-1,
2109.000,6.50649607E-1,
2110.00,6.50188148E-1,
2111.000,6.49727166E-1,
2112.000,6.49266601E-1,
2113.000,6.48806691E-1,
2114.000,6.48347259E-1,
2115.000,6.47888303E-1,
2116.000,6.47429943E-1,
2117.000,6.46972060E-1,
2118.000,6.46514654E-1,
2119.000,6.46057844E-1,
2120.00,6.45601511E-1,
2121.000,6.45145714E-1,
2122.000,6.44690454E-1,
2123.000,6.44235671E-1,
2124.000,6.43781424E-1,
2125.000,6.43327773E-1,
2126.000,6.42874539E-1,
2127.000,6.42421901E-1,
2128.000,6.41969800E-1,
2129.000,6.41518176E-1,
2130.00,6.41067147E-1,
2131.000,6.40616596E-1,
2132.000,6.40166581E-1,
2133.000,6.39717102E-1,
2134.000,6.39268160E-1,
2135.000,6.38819754E-1,
2136.000,6.38371885E-1,
2137.000,6.37924552E-1,
2138.000,6.37477696E-1,
2139.000,6.37031436E-1,
2140.00,6.36585712E-1,
2141.000,6.36140525E-1,
2142.000,6.35695875E-1,
2143.000,6.35251701E-1,
2144.000,6.34808123E-1,
2145.000,6.34365082E-1,
2146.000,6.33922577E-1,
2147.000,6.33480608E-1,
2148.000,6.33039176E-1,
2149.000,6.32598341E-1,
2150.00,6.32157981E-1,
2151.000,6.31718159E-1,
2152.000,6.31278992E-1,
2153.000,6.30840302E-1,
2154.000,6.30402088E-1,
2155.000,6.29964471E-1,
2156.000,6.29527450E-1,
2157.000,6.29090905E-1,
2158.000,6.28654897E-1,
2159.000,6.28219485E-1,
2160.00,6.27784610E-1,
2161.000,6.27350271E-1,
2162.000,6.26916468E-1,
2163.000,6.26483262E-1,
2164.000,6.26050591E-1,
2165.000,6.25618458E-1,
2166.000,6.25186861E-1,
2167.000,6.24755859E-1,
2168.000,6.24325335E-1,
2169.000,6.23895466E-1,
2170.00,6.23466074E-1,
2171.000,6.23037279E-1,
2172.000,6.22608960E-1,
2173.000,6.22181296E-1,
2174.000,6.21754110E-1,
2175.000,6.21327519E-1,
2176.000,6.20901465E-1,
2177.000,6.20476067E-1,
2178.000,6.20051146E-1,
2179.000,6.19626760E-1,
2180.00,6.19202971E-1,
2181.000,6.18779719E-1,
2182.000,6.18357003E-1,
2183.000,6.17934883E-1,
2184.000,6.17513299E-1,
2185.000,6.17092252E-1,
2186.000,6.16671801E-1,
2187.000,6.16251886E-1,
2188.000,6.15832567E-1,
2189.000,6.15413785E-1,
2190.00,6.14995539E-1,
2191.000,6.14577889E-1,
2192.000,6.14160836E-1,
2193.000,6.13744318E-1,
2194.000,6.13328397E-1,
2195.000,6.12912953E-1,
2196.000,6.12498105E-1,
2197.000,6.12083852E-1,
2198.000,6.11670136E-1,
2199.000,6.11256957E-1,
2200.00,6.10844374E-1,
