Labels,sca-30-t3_final,
300.00,1.25681099E+2,
301.00,1.43855698E+2,
302.00,1.62160797E+2,
303.00,1.80779694E+2,
304.00,1.99926697E+2,
305.00,2.19818405E+2,
306.00,2.40639008E+2,
307.00,2.62532104E+2,
308.00,2.85653503E+2,
309.00,3.10177307E+2,
310.00,3.36274689E+2,
311.00,3.64104401E+2,
312.00,3.93796387E+2,
313.00,4.25480713E+2,
314.00,4.59270508E+2,
315.00,4.95275085E+2,
316.00,5.33600220E+2,
317.00,5.74289612E+2,
318.00,6.17372986E+2,
319.00,6.62873718E+2,
320.00,7.10767090E+2,
321.00,7.61054688E+2,
322.00,8.13780823E+2,
323.00,8.69015686E+2,
324.00,9.26837891E+2,
325.00,9.87330078E+2,
326.00,1.05052405E+3,
327.00,1.11647998E+3,
328.00,1.18522803E+3,
329.00,1.25687805E+3,
330.00,1.33165796E+3,
331.00,1.40981299E+3,
332.00,1.49155200E+3,
333.00,1.57695605E+3,
334.00,1.66604797E+3,
335.00,1.75890906E+3,
336.00,1.85558398E+3,
337.00,1.95612598E+3,
338.00,2.06065210E+3,
339.00,2.16931494E+3,
340.00,2.28224707E+3,
341.00,2.39947998E+3,
342.00,2.52094800E+3,
343.00,2.64663696E+3,
344.00,2.77656201E+3,
345.00,2.91078394E+3,
346.00,3.04931396E+3,
347.00,3.19208911E+3,
348.00,3.33907495E+3,
349.00,3.49040088E+3,
350.00,3.64625293E+3,
351.00,3.80690308E+3,
352.00,3.97259790E+3,
353.00,4.14339600E+3,
354.00,4.31933301E+3,
355.00,4.50042090E+3,
356.00,4.68664990E+3,
357.00,4.87801221E+3,
358.00,5.07441895E+3,
359.00,5.27582324E+3,
360.00,5.48228516E+3,
361.00,5.69387891E+3,
362.00,5.91066211E+3,
363.00,6.13260693E+3,
364.00,6.35960400E+3,
365.00,6.59165088E+3,
366.00,6.82867578E+3,
367.00,7.07061084E+3,
368.00,7.31731396E+3,
369.00,7.56863477E+3,
370.00,7.82457520E+3,
371.00,8.08525488E+3,
372.00,8.35078125E+3,
373.00,8.62091992E+3,
374.00,8.89540039E+3,
375.00,9.17416699E+3,
376.00,9.45719922E+3,
377.00,9.74450000E+3,
378.00,1.00361602E+4,
379.00,1.03323398E+4,
380.00,1.06330195E+4,
381.00,1.09380596E+4,
382.00,1.12474805E+4,
383.00,1.15614102E+4,
384.00,1.18802100E+4,
385.00,1.22040498E+4,
386.00,1.25330195E+4,
387.00,1.28672598E+4,
388.00,1.32070195E+4,
389.00,1.35526602E+4,
390.00,1.39045195E+4,
391.00,1.42631699E+4,
392.00,1.46289902E+4,
393.00,1.50023398E+4,
394.00,1.53834805E+4,
395.00,1.57724297E+4,
396.00,1.61689004E+4,
397.00,1.65728203E+4,
398.00,1.69843398E+4,
399.00,1.74037793E+4,
400.00,1.78316504E+4,
401.00,1.82683496E+4,
402.00,1.87140508E+4,
403.00,1.91690605E+4,
404.00,1.96335195E+4,
405.00,2.01075098E+4,
406.00,2.05908691E+4,
407.00,2.10835703E+4,
408.00,2.15856992E+4,
409.00,2.20973105E+4,
410.00,2.26185996E+4,
411.00,2.31498594E+4,
412.00,2.36910391E+4,
413.00,2.42414199E+4,
414.00,2.48003809E+4,
415.00,2.53680293E+4,
416.00,2.59448105E+4,
417.00,2.65308301E+4,
418.00,2.71260996E+4,
419.00,2.77308301E+4,
420.00,2.83455801E+4,
421.00,2.89709902E+4,
422.00,2.96074199E+4,
423.00,3.02549492E+4,
424.00,3.09136406E+4,
425.00,3.15837500E+4,
426.00,3.22658809E+4,
427.00,3.29602617E+4,
428.00,3.36663789E+4,
429.00,3.43839219E+4,
430.00,3.51127695E+4,
431.00,3.58526211E+4,
432.00,3.66028008E+4,
433.00,3.73629219E+4,
434.00,3.81336289E+4,
435.00,3.89153086E+4,
436.00,3.97075508E+4,
437.00,4.05098281E+4,
438.00,4.13222695E+4,
439.00,4.21455195E+4,
440.00,4.29795508E+4,
441.00,4.38238594E+4,
442.00,4.46778711E+4,
443.00,4.55407813E+4,
444.00,4.64116211E+4,
445.00,4.72897813E+4,
446.00,4.81751211E+4,
447.00,4.90681211E+4,
448.00,4.99694414E+4,
449.00,5.08796992E+4,
450.00,5.17995703E+4,
451.00,5.27296914E+4,
452.00,5.36705898E+4,
453.00,5.46229102E+4,
454.00,5.55870391E+4,
455.00,5.65636406E+4,
456.00,5.75533594E+4,
457.00,5.85563789E+4,
458.00,5.95725898E+4,
459.00,6.06015117E+4,
460.00,6.16426797E+4,
461.00,6.26955703E+4,
462.00,6.37601914E+4,
463.00,6.48369609E+4,
464.00,6.59268828E+4,
465.00,6.70303438E+4,
466.00,6.81468125E+4,
467.00,6.92762969E+4,
468.00,7.04190313E+4,
469.00,7.15742188E+4,
470.00,7.27412031E+4,
471.00,7.39193281E+4,
472.00,7.51079063E+4,
473.00,7.63061875E+4,
474.00,7.75136484E+4,
475.00,7.87300938E+4,
476.00,7.99556172E+4,
477.00,8.11913281E+4,
478.00,8.24388281E+4,
479.00,8.36995625E+4,
480.00,8.49742891E+4,
481.00,8.62635391E+4,
482.00,8.75678125E+4,
483.00,8.88879297E+4,
484.00,9.02249297E+4,
485.00,9.15797969E+4,
486.00,9.29530078E+4,
487.00,9.43444375E+4,
488.00,9.57535391E+4,
489.00,9.71794375E+4,
490.00,9.86204922E+4,
491.00,1.00076398E+5,
492.00,1.01547898E+5,
493.00,1.03035500E+5,
494.00,1.04539500E+5,
495.00,1.06060000E+5,
496.00,1.07597102E+5,
497.00,1.09151297E+5,
498.00,1.10723797E+5,
499.00,1.12313898E+5,
500.00,1.13919703E+5,
501.00,1.15539000E+5,
502.00,1.17170203E+5,
503.00,1.18812102E+5,
504.00,1.20463602E+5,
505.00,1.22123102E+5,
506.00,1.23788703E+5,
507.00,1.25460203E+5,
508.00,1.27138500E+5,
509.00,1.28823898E+5,
510.00,1.30516203E+5,
511.00,1.32216500E+5,
512.00,1.33924203E+5,
513.00,1.35638797E+5,
514.00,1.37360594E+5,
515.00,1.39090703E+5,
516.00,1.40831094E+5,
517.00,1.42583703E+5,
518.00,1.44350297E+5,
519.00,1.46132297E+5,
520.00,1.47931797E+5,
521.00,1.49750203E+5,
522.00,1.51588203E+5,
523.00,1.53446906E+5,
524.00,1.55328297E+5,
525.00,1.57235203E+5,
526.00,1.59170203E+5,
527.00,1.61135594E+5,
528.00,1.63131906E+5,
529.00,1.65156906E+5,
530.00,1.67206594E+5,
531.00,1.69277406E+5,
532.00,1.71366797E+5,
533.00,1.73471703E+5,
534.00,1.75589094E+5,
535.00,1.77717703E+5,
536.00,1.79855594E+5,
537.00,1.82000297E+5,
538.00,1.84149094E+5,
539.00,1.86299703E+5,
540.00,1.88450000E+5,
541.00,1.90601203E+5,
542.00,1.92756594E+5,
543.00,1.94918594E+5,
544.00,1.97088094E+5,
545.00,1.99265203E+5,
546.00,2.01448797E+5,
547.00,2.03636406E+5,
548.00,2.05827594E+5,
549.00,2.08022094E+5,
550.00,2.10219203E+5,
551.00,2.12418594E+5,
552.00,2.14621594E+5,
553.00,2.16829000E+5,
554.00,2.19042297E+5,
555.00,2.21263500E+5,
556.00,2.23496406E+5,
557.00,2.25746500E+5,
558.00,2.28018797E+5,
559.00,2.30319500E+5,
560.00,2.32653406E+5,
561.00,2.35021094E+5,
562.00,2.37420797E+5,
563.00,2.39848000E+5,
564.00,2.42295594E+5,
565.00,2.44756906E+5,
566.00,2.47229297E+5,
567.00,2.49712297E+5,
568.00,2.52203703E+5,
569.00,2.54700594E+5,
570.00,2.57201797E+5,
571.00,2.59708500E+5,
572.00,2.62222000E+5,
573.00,2.64743500E+5,
574.00,2.67272813E+5,
575.00,2.69811688E+5,
576.00,2.72364406E+5,
577.00,2.74935406E+5,
578.00,2.77532094E+5,
579.00,2.80160000E+5,
580.00,2.82819406E+5,
581.00,2.85506500E+5,
582.00,2.88216688E+5,
583.00,2.90944906E+5,
584.00,2.93686000E+5,
585.00,2.96435094E+5,
586.00,2.99189688E+5,
587.00,3.01951688E+5,
588.00,3.04721688E+5,
589.00,3.07499500E+5,
590.00,3.10286188E+5,
591.00,3.13084094E+5,
592.00,3.15895594E+5,
593.00,3.18724500E+5,
594.00,3.21571188E+5,
595.00,3.24432094E+5,
596.00,3.27301594E+5,
597.00,3.30175688E+5,
598.00,3.33050813E+5,
599.00,3.35925094E+5,
600.00,3.38799000E+5,
601.00,3.41673094E+5,
602.00,3.44550688E+5,
603.00,3.47434000E+5,
604.00,3.50325094E+5,
605.00,3.53223906E+5,
606.00,3.56128094E+5,
607.00,3.59033500E+5,
608.00,3.61938406E+5,
609.00,3.64841000E+5,
610.00,3.67741000E+5,
611.00,3.70643188E+5,
612.00,3.73551000E+5,
613.00,3.76469813E+5,
614.00,3.79405188E+5,
615.00,3.82357906E+5,
616.00,3.85325688E+5,
617.00,3.88306313E+5,
618.00,3.91301594E+5,
619.00,3.94314594E+5,
620.00,3.97347313E+5,
621.00,4.00400500E+5,
622.00,4.03478594E+5,
623.00,4.06589813E+5,
624.00,4.09740313E+5,
625.00,4.12929688E+5,
626.00,4.16154313E+5,
627.00,4.19406000E+5,
628.00,4.22674313E+5,
629.00,4.25949688E+5,
630.00,4.29225906E+5,
631.00,4.32499594E+5,
632.00,4.35767094E+5,
633.00,4.39023688E+5,
634.00,4.42264594E+5,
635.00,4.45486188E+5,
636.00,4.48687688E+5,
637.00,4.51871094E+5,
638.00,4.55038906E+5,
639.00,4.58192906E+5,
640.00,4.61332906E+5,
641.00,4.64460906E+5,
642.00,4.67583406E+5,
643.00,4.70711813E+5,
644.00,4.73857000E+5,
645.00,4.77026500E+5,
646.00,4.80224313E+5,
647.00,4.83452688E+5,
648.00,4.86708906E+5,
649.00,4.89990188E+5,
650.00,4.93287313E+5,
651.00,4.96593094E+5,
652.00,4.99899000E+5,
653.00,5.03199813E+5,
654.00,5.06498813E+5,
655.00,5.09802813E+5,
656.00,5.13117906E+5,
657.00,5.16444906E+5,
658.00,5.19775688E+5,
659.00,5.23103688E+5,
660.00,5.26427813E+5,
661.00,5.29750688E+5,
662.00,5.33072688E+5,
663.00,5.36391625E+5,
664.00,5.39703500E+5,
665.00,5.43001125E+5,
666.00,5.46275813E+5,
667.00,5.49520688E+5,
668.00,5.52728500E+5,
669.00,5.55900000E+5,
670.00,5.59053375E+5,
671.00,5.62218875E+5,
672.00,5.65426875E+5,
673.00,5.68695375E+5,
674.00,5.72029000E+5,
675.00,5.75417688E+5,
676.00,5.78847500E+5,
677.00,5.82312125E+5,
678.00,5.85807313E+5,
679.00,5.89331375E+5,
680.00,5.92884813E+5,
681.00,5.96466125E+5,
682.00,6.00071688E+5,
683.00,6.03691813E+5,
684.00,6.07311813E+5,
685.00,6.10920375E+5,
686.00,6.14517500E+5,
687.00,6.18108375E+5,
688.00,6.21697313E+5,
689.00,6.25284688E+5,
690.00,6.28869813E+5,
691.00,6.32456500E+5,
692.00,6.36045813E+5,
693.00,6.39635375E+5,
694.00,6.43219375E+5,
695.00,6.46789813E+5,
696.00,6.50346500E+5,
697.00,6.53890375E+5,
698.00,6.57422688E+5,
699.00,6.60947313E+5,
700.00,6.64479625E+5,
701.00,6.68036313E+5,
702.00,6.71626000E+5,
703.00,6.75252813E+5,
704.00,6.78914313E+5,
705.00,6.82600688E+5,
706.00,6.86296688E+5,
707.00,6.89987375E+5,
708.00,6.93666188E+5,
709.00,6.97325688E+5,
710.00,7.00958000E+5,
711.00,7.04564875E+5,
712.00,7.08150188E+5,
713.00,7.11714125E+5,
714.00,7.15260125E+5,
715.00,7.18800125E+5,
716.00,7.22352313E+5,
717.00,7.25927500E+5,
718.00,7.29522625E+5,
719.00,7.33126688E+5,
720.00,7.36733875E+5,
721.00,7.40344625E+5,
722.00,7.43964000E+5,
723.00,7.47602625E+5,
724.00,7.51262000E+5,
725.00,7.54939125E+5,
726.00,7.58634625E+5,
727.00,7.62352188E+5,
728.00,7.66097875E+5,
729.00,7.69875125E+5,
730.00,7.73682875E+5,
731.00,7.77511625E+5,
732.00,7.81343875E+5,
733.00,7.85169875E+5,
734.00,7.88986688E+5,
735.00,7.92786813E+5,
736.00,7.96562000E+5,
737.00,8.00310313E+5,
738.00,8.04032313E+5,
739.00,8.07724688E+5,
740.00,8.11390813E+5,
741.00,8.15034875E+5,
742.00,8.18657813E+5,
743.00,8.22260500E+5,
744.00,8.25850500E+5,
745.00,8.29436375E+5,
746.00,8.33020375E+5,
747.00,8.36609313E+5,
748.00,8.40212688E+5,
749.00,8.43842875E+5,
750.00,8.47502813E+5,
751.00,8.51174375E+5,
752.00,8.54832188E+5,
753.00,8.58453875E+5,
754.00,8.62023500E+5,
755.00,8.65524813E+5,
756.00,8.68955000E+5,
757.00,8.72317813E+5,
758.00,8.75619688E+5,
759.00,8.78863500E+5,
760.00,8.82056688E+5,
761.00,8.85203500E+5,
762.00,8.88313125E+5,
763.00,8.91402125E+5,
764.00,8.94497688E+5,
765.00,8.97621188E+5,
766.00,9.00779375E+5,
767.00,9.03964625E+5,
768.00,9.07174688E+5,
769.00,9.10415625E+5,
770.00,9.13698125E+5,
771.00,9.17032813E+5,
772.00,9.20411625E+5,
773.00,9.23821875E+5,
774.00,9.27250188E+5,
775.00,9.30685188E+5,
776.00,9.34121500E+5,
777.00,9.37563625E+5,
778.00,9.41010688E+5,
779.00,9.44452813E+5,
780.00,9.47878125E+5,
781.00,9.51281625E+5,
782.00,9.54666500E+5,
783.00,9.58037000E+5,
784.00,9.61383688E+5,
785.00,9.64698875E+5,
786.00,9.67996188E+5,
787.00,9.71307313E+5,
788.00,9.74665813E+5,
789.00,9.78094500E+5,
790.00,9.81600313E+5,
791.00,9.85169813E+5,
792.00,9.88789000E+5,
793.00,9.92451875E+5,
794.00,9.96167688E+5,
795.00,9.99934000E+5,
796.00,1.00372400E+6,
797.00,1.00749000E+6,
798.00,1.01118700E+6,
799.00,1.01477900E+6,
800.00,1.01824400E+6,
801.00,1.02157200E+6,
802.00,1.02476300E+6,
803.00,1.02783200E+6,
804.00,1.03082000E+6,
805.00,1.03376500E+6,
806.00,1.03669600E+6,
807.00,1.03962000E+6,
808.00,1.04254700E+6,
809.00,1.04549300E+6,
810.00,1.04847700E+6,
811.00,1.05150700E+6,
812.00,1.05458700E+6,
813.00,1.05772100E+6,
814.00,1.06092100E+6,
815.00,1.06419500E+6,
816.00,1.06753400E+6,
817.00,1.07090400E+6,
818.00,1.07427900E+6,
819.00,1.07766100E+6,
820.00,1.08107200E+6,
821.00,1.08453200E+6,
822.00,1.08804200E+6,
823.00,1.09157800E+6,
824.00,1.09509100E+6,
825.00,1.09855600E+6,
826.00,1.10196600E+6,
827.00,1.10533100E+6,
828.00,1.10866100E+6,
829.00,1.11198200E+6,
830.00,1.11531600E+6,
831.00,1.11868500E+6,
832.00,1.12210200E+6,
833.00,1.12555800E+6,
834.00,1.12905100E+6,
835.00,1.13256900E+6,
836.00,1.13608300E+6,
837.00,1.13958100E+6,
838.00,1.14305600E+6,
839.00,1.14648800E+6,
840.00,1.14987100E+6,
841.00,1.15320400E+6,
842.00,1.15647700E+6,
843.00,1.16015213E+6,
844.00,1.16382363E+6,
845.00,1.16749088E+6,
846.00,1.17115450E+6,
847.00,1.17481388E+6,
848.00,1.17846950E+6,
849.00,1.18212113E+6,
850.00,1.18576875E+6,
851.00,1.18941188E+6,
852.00,1.19305113E+6,
853.00,1.19668600E+6,
854.00,1.20031663E+6,
855.00,1.20394300E+6,
856.00,1.20756513E+6,
857.00,1.21118288E+6,
858.00,1.21479588E+6,
859.00,1.21840463E+6,
860.00,1.22200888E+6,
861.00,1.22560838E+6,
862.00,1.22920350E+6,
863.00,1.23279400E+6,
864.00,1.23637963E+6,
865.00,1.23996075E+6,
866.00,1.24353700E+6,
867.00,1.24710825E+6,
868.00,1.25067513E+6,
869.00,1.25423675E+6,
870.00,1.25779338E+6,
871.00,1.26134538E+6,
872.00,1.26489213E+6,
873.00,1.26843400E+6,
874.00,1.27197063E+6,
875.00,1.27550238E+6,
876.00,1.27902888E+6,
877.00,1.28255025E+6,
878.00,1.28606625E+6,
879.00,1.28957700E+6,
880.00,1.29308263E+6,
881.00,1.29658263E+6,
882.00,1.30007763E+6,
883.00,1.30356688E+6,
884.00,1.30705088E+6,
885.00,1.31052950E+6,
886.00,1.31400238E+6,
887.00,1.31746988E+6,
888.00,1.32093163E+6,
889.00,1.32438800E+6,
890.00,1.32783863E+6,
891.00,1.33128363E+6,
892.00,1.33472275E+6,
893.00,1.33815625E+6,
894.00,1.34158400E+6,
895.00,1.34500613E+6,
896.00,1.34842213E+6,
897.00,1.35183213E+6,
898.00,1.35523650E+6,
899.00,1.35863488E+6,
900.00,1.36202738E+6,
901.00,1.36541375E+6,
902.00,1.36879413E+6,
903.00,1.37216825E+6,
904.00,1.37553663E+6,
905.00,1.37889875E+6,
906.00,1.38225488E+6,
907.00,1.38560463E+6,
908.00,1.38894813E+6,
909.00,1.39228550E+6,
910.00,1.39561650E+6,
911.00,1.39894138E+6,
912.00,1.40226013E+6,
913.00,1.40557213E+6,
914.00,1.40887813E+6,
915.00,1.41217750E+6,
916.00,1.41547050E+6,
917.00,1.41875713E+6,
918.00,1.42203713E+6,
919.00,1.42531063E+6,
920.00,1.42857788E+6,
921.00,1.43183838E+6,
922.00,1.43509213E+6,
923.00,1.43833950E+6,
924.00,1.44158013E+6,
925.00,1.44481438E+6,
926.00,1.44804175E+6,
927.00,1.45126238E+6,
928.00,1.45447638E+6,
929.00,1.45768375E+6,
930.00,1.46088413E+6,
931.00,1.46407775E+6,
932.00,1.46726463E+6,
933.00,1.47044463E+6,
934.00,1.47361763E+6,
935.00,1.47678413E+6,
936.00,1.47994338E+6,
937.00,1.48309600E+6,
938.00,1.48624150E+6,
939.00,1.48938000E+6,
940.00,1.49251175E+6,
941.00,1.49563625E+6,
942.00,1.49875363E+6,
943.00,1.50186438E+6,
944.00,1.50496775E+6,
945.00,1.50806413E+6,
946.00,1.51115325E+6,
947.00,1.51423550E+6,
948.00,1.51731038E+6,
949.00,1.52037838E+6,
950.00,1.52343888E+6,
951.00,1.52649263E+6,
952.00,1.52953875E+6,
953.00,1.53257788E+6,
954.00,1.53560950E+6,
955.00,1.53863388E+6,
956.00,1.54165125E+6,
957.00,1.54466113E+6,
958.00,1.54766388E+6,
959.00,1.55065913E+6,
960.00,1.55364713E+6,
961.00,1.55662750E+6,
962.00,1.55960088E+6,
963.00,1.56256663E+6,
964.00,1.56552513E+6,
965.00,1.56847600E+6,
966.00,1.57141925E+6,
967.00,1.57435563E+6,
968.00,1.57728413E+6,
969.00,1.58020513E+6,
970.00,1.58311875E+6,
971.00,1.58602488E+6,
972.00,1.58892363E+6,
973.00,1.59181475E+6,
974.00,1.59469838E+6,
975.00,1.59757413E+6,
976.00,1.60044250E+6,
977.00,1.60330313E+6,
978.00,1.60615638E+6,
979.00,1.60900200E+6,
980.00,1.61184000E+6,
981.00,1.61467013E+6,
982.00,1.61749300E+6,
983.00,1.62030788E+6,
984.00,1.62311513E+6,
985.00,1.62591500E+6,
986.00,1.62870675E+6,
987.00,1.63149113E+6,
988.00,1.63426775E+6,
989.00,1.63703638E+6,
990.00,1.63979738E+6,
991.00,1.64255075E+6,
992.00,1.64529663E+6,
993.00,1.64803438E+6,
994.00,1.65076450E+6,
995.00,1.65348663E+6,
996.00,1.65620125E+6,
997.00,1.65890788E+6,
998.00,1.66160675E+6,
999.00,1.66429788E+6,
1000.00,1.66698113E+6,
1001.000,1.66965650E+6,
1002.000,1.67232425E+6,
1003.000,1.67498400E+6,
1004.000,1.67763600E+6,
1005.000,1.68027975E+6,
1006.000,1.68291600E+6,
1007.000,1.68554463E+6,
1008.000,1.68816513E+6,
1009.000,1.69077763E+6,
1010.00,1.69338200E+6,
1011.000,1.69597888E+6,
1012.000,1.69856775E+6,
1013.000,1.70114888E+6,
1014.000,1.70372200E+6,
1015.000,1.70628688E+6,
1016.000,1.70884425E+6,
1017.000,1.71139350E+6,
1018.000,1.71393475E+6,
1019.000,1.71646825E+6,
1020.00,1.71899363E+6,
1021.000,1.72151125E+6,
1022.000,1.72402075E+6,
1023.000,1.72652238E+6,
1024.000,1.72901588E+6,
1025.000,1.73150163E+6,
1026.000,1.73397938E+6,
1027.000,1.73644913E+6,
1028.000,1.73891088E+6,
1029.000,1.74136463E+6,
1030.00,1.74381050E+6,
1031.000,1.74624838E+6,
1032.000,1.74867800E+6,
1033.000,1.75110000E+6,
1034.000,1.75351388E+6,
1035.000,1.75591975E+6,
1036.000,1.75831763E+6,
1037.000,1.76070750E+6,
1038.000,1.76308925E+6,
1039.000,1.76546325E+6,
1040.00,1.76782900E+6,
1041.000,1.77018700E+6,
1042.000,1.77253700E+6,
1043.000,1.77487875E+6,
1044.000,1.77721250E+6,
1045.000,1.77953825E+6,
1046.000,1.78185625E+6,
1047.000,1.78416600E+6,
1048.000,1.78646788E+6,
1049.000,1.78876163E+6,
1050.00,1.79104738E+6,
1051.000,1.79332525E+6,
1052.000,1.79559500E+6,
1053.000,1.79785688E+6,
1054.000,1.80011050E+6,
1055.000,1.80235613E+6,
1056.000,1.80459425E+6,
1057.000,1.80682375E+6,
1058.000,1.80904563E+6,
1059.000,1.81125925E+6,
1060.00,1.81346488E+6,
1061.000,1.81566275E+6,
1062.000,1.81785250E+6,
1063.000,1.82003425E+6,
1064.000,1.82220788E+6,
1065.000,1.82437388E+6,
1066.000,1.82653150E+6,
1067.000,1.82868113E+6,
1068.000,1.83082313E+6,
1069.000,1.83295688E+6,
1070.00,1.83508275E+6,
1071.000,1.83720050E+6,
1072.000,1.83931038E+6,
1073.000,1.84141225E+6,
1074.000,1.84350600E+6,
1075.000,1.84559200E+6,
1076.000,1.84767000E+6,
1077.000,1.84974000E+6,
1078.000,1.85180188E+6,
1079.000,1.85385613E+6,
1080.00,1.85590200E+6,
1081.000,1.85794050E+6,
1082.000,1.85997063E+6,
1083.000,1.86199300E+6,
1084.000,1.86400725E+6,
1085.000,1.86601375E+6,
1086.000,1.86801213E+6,
1087.000,1.87000263E+6,
1088.000,1.87198525E+6,
1089.000,1.87396025E+6,
1090.00,1.87592688E+6,
1091.000,1.87788588E+6,
1092.000,1.87983675E+6,
1093.000,1.88177988E+6,
1094.000,1.88371525E+6,
1095.000,1.88564238E+6,
1096.000,1.88756213E+6,
1097.000,1.88947363E+6,
1098.000,1.89137725E+6,
1099.000,1.89327313E+6,
1100.00,1.89516100E+6,
1101.000,1.89704113E+6,
1102.000,1.89891363E+6,
1103.000,1.90077800E+6,
1104.000,1.90263475E+6,
1105.000,1.90448350E+6,
1106.000,1.90632450E+6,
1107.000,1.90815750E+6,
1108.000,1.90998288E+6,
1109.000,1.91180038E+6,
1110.00,1.91361013E+6,
1111.000,1.91541213E+6,
1112.000,1.91720638E+6,
1113.000,1.91899275E+6,
1114.000,1.92077125E+6,
1115.000,1.92254213E+6,
1116.000,1.92430525E+6,
1117.000,1.92606075E+6,
1118.000,1.92780825E+6,
1119.000,1.92954800E+6,
1120.00,1.93128038E+6,
1121.000,1.93300475E+6,
1122.000,1.93472150E+6,
1123.000,1.93643038E+6,
1124.000,1.93813175E+6,
1125.000,1.93982538E+6,
1126.000,1.94151138E+6,
1127.000,1.94318975E+6,
1128.000,1.94486025E+6,
1129.000,1.94652313E+6,
1130.00,1.94817850E+6,
1131.000,1.94982625E+6,
1132.000,1.95146625E+6,
1133.000,1.95309850E+6,
1134.000,1.95472350E+6,
1135.000,1.95634075E+6,
1136.000,1.95795038E+6,
1137.000,1.95955225E+6,
1138.000,1.96114675E+6,
1139.000,1.96273363E+6,
1140.00,1.96431288E+6,
1141.000,1.96588450E+6,
1142.000,1.96744900E+6,
1143.000,1.96900550E+6,
1144.000,1.97055463E+6,
1145.000,1.97209613E+6,
1146.000,1.97363038E+6,
1147.000,1.97515713E+6,
1148.000,1.97667600E+6,
1149.000,1.97818775E+6,
1150.00,1.97969200E+6,
1151.000,1.98118875E+6,
1152.000,1.98267788E+6,
1153.000,1.98415963E+6,
1154.000,1.98563438E+6,
1155.000,1.98710113E+6,
1156.000,1.98856075E+6,
1157.000,1.99001275E+6,
1158.000,1.99145763E+6,
1159.000,1.99289513E+6,
1160.00,1.99432525E+6,
1161.000,1.99574763E+6,
1162.000,1.99716313E+6,
1163.000,1.99857088E+6,
1164.000,1.99997175E+6,
1165.000,2.00136488E+6,
1166.000,2.00275100E+6,
1167.000,2.00412963E+6,
1168.000,2.00550113E+6,
1169.000,2.00686538E+6,
1170.00,2.00822213E+6,
1171.000,2.00957188E+6,
1172.000,2.01091400E+6,
1173.000,2.01224925E+6,
1174.000,2.01357725E+6,
1175.000,2.01489788E+6,
1176.000,2.01621138E+6,
1177.000,2.01751775E+6,
1178.000,2.01881675E+6,
1179.000,2.02010900E+6,
1180.00,2.02139363E+6,
1181.000,2.02267125E+6,
1182.000,2.02394175E+6,
1183.000,2.02520525E+6,
1184.000,2.02646163E+6,
1185.000,2.02771063E+6,
1186.000,2.02895288E+6,
1187.000,2.03018788E+6,
1188.000,2.03141575E+6,
1189.000,2.03263675E+6,
1190.00,2.03385050E+6,
1191.000,2.03505725E+6,
1192.000,2.03625713E+6,
1193.000,2.03745000E+6,
1194.000,2.03863575E+6,
1195.000,2.03981450E+6,
1196.000,2.04098625E+6,
1197.000,2.04215138E+6,
1198.000,2.04330913E+6,
1199.000,2.04446000E+6,
1200.00,2.04560413E+6,
1201.000,2.04674125E+6,
1202.000,2.04787138E+6,
1203.000,2.04899488E+6,
1204.000,2.05011125E+6,
1205.000,2.05122088E+6,
1206.000,2.05232363E+6,
1207.000,2.05341963E+6,
1208.000,2.05450863E+6,
1209.000,2.05559075E+6,
1210.00,2.05666625E+6,
1211.000,2.05773488E+6,
1212.000,2.05879688E+6,
1213.000,2.05985188E+6,
1214.000,2.06090013E+6,
1215.000,2.06194175E+6,
1216.000,2.06297663E+6,
1217.000,2.06400488E+6,
1218.000,2.06502625E+6,
1219.000,2.06604100E+6,
1220.00,2.06704913E+6,
1221.000,2.06805063E+6,
1222.000,2.06904538E+6,
1223.000,2.07003338E+6,
1224.000,2.07101475E+6,
1225.000,2.07198988E+6,
1226.000,2.07295788E+6,
1227.000,2.07391950E+6,
1228.000,2.07487463E+6,
1229.000,2.07582313E+6,
1230.00,2.07676513E+6,
1231.000,2.07770050E+6,
1232.000,2.07862950E+6,
1233.000,2.07955188E+6,
1234.000,2.08046763E+6,
1235.000,2.08137675E+6,
1236.000,2.08227988E+6,
1237.000,2.08317625E+6,
1238.000,2.08406625E+6,
1239.000,2.08494975E+6,
1240.00,2.08582688E+6,
1241.000,2.08669750E+6,
1242.000,2.08756188E+6,
1243.000,2.08841963E+6,
1244.000,2.08927138E+6,
1245.000,2.09011638E+6,
1246.000,2.09095538E+6,
1247.000,2.09178775E+6,
1248.000,2.09261388E+6,
1249.000,2.09343375E+6,
1250.00,2.09424713E+6,
1251.000,2.09505450E+6,
1252.000,2.09585563E+6,
1253.000,2.09665038E+6,
1254.000,2.09743875E+6,
1255.000,2.09822100E+6,
1256.000,2.09899700E+6,
1257.000,2.09976700E+6,
1258.000,2.10053050E+6,
1259.000,2.10128800E+6,
1260.00,2.10203950E+6,
1261.000,2.10278475E+6,
1262.000,2.10352375E+6,
1263.000,2.10425675E+6,
1264.000,2.10498325E+6,
1265.000,2.10570400E+6,
1266.000,2.10641875E+6,
1267.000,2.10712725E+6,
1268.000,2.10782950E+6,
1269.000,2.10852625E+6,
1270.00,2.10921675E+6,
1271.000,2.10990100E+6,
1272.000,2.11057950E+6,
1273.000,2.11125175E+6,
1274.000,2.11191825E+6,
1275.000,2.11257875E+6,
1276.000,2.11323325E+6,
1277.000,2.11388200E+6,
1278.000,2.11452450E+6,
1279.000,2.11516125E+6,
1280.00,2.11579200E+6,
1281.000,2.11641700E+6,
1282.000,2.11703600E+6,
1283.000,2.11764950E+6,
1284.000,2.11825700E+6,
1285.000,2.11885850E+6,
1286.000,2.11945425E+6,
1287.000,2.12004425E+6,
1288.000,2.12062825E+6,
1289.000,2.12120675E+6,
1290.00,2.12177925E+6,
1291.000,2.12234625E+6,
1292.000,2.12290725E+6,
1293.000,2.12346275E+6,
1294.000,2.12401275E+6,
1295.000,2.12455650E+6,
1296.000,2.12509475E+6,
1297.000,2.12562750E+6,
1298.000,2.12615475E+6,
1299.000,2.12667600E+6,
1300.00,2.12719200E+6,
1301.000,2.12770200E+6,
1302.000,2.12820650E+6,
1303.000,2.12870550E+6,
1304.000,2.12919900E+6,
1305.000,2.12968650E+6,
1306.000,2.13016925E+6,
1307.000,2.13064550E+6,
1308.000,2.13111700E+6,
1309.000,2.13158275E+6,
1310.00,2.13204325E+6,
1311.000,2.13249750E+6,
1312.000,2.13294725E+6,
1313.000,2.13339075E+6,
1314.000,2.13382950E+6,
1315.000,2.13426225E+6,
1316.000,2.13469000E+6,
1317.000,2.13511225E+6,
1318.000,2.13552900E+6,
1319.000,2.13594025E+6,
1320.00,2.13634650E+6,
1321.000,2.13674700E+6,
1322.000,2.13714250E+6,
1323.000,2.13753275E+6,
1324.000,2.13791725E+6,
1325.000,2.13829675E+6,
1326.000,2.13867125E+6,
1327.000,2.13904000E+6,
1328.000,2.13940375E+6,
1329.000,2.13976225E+6,
1330.00,2.14011550E+6,
1331.000,2.14046350E+6,
1332.000,2.14080650E+6,
1333.000,2.14114400E+6,
1334.000,2.14147650E+6,
1335.000,2.14180375E+6,
1336.000,2.14212625E+6,
1337.000,2.14244325E+6,
1338.000,2.14275525E+6,
1339.000,2.14306225E+6,
1340.00,2.14336400E+6,
1341.000,2.14366050E+6,
1342.000,2.14395200E+6,
1343.000,2.14423875E+6,
1344.000,2.14452025E+6,
1345.000,2.14479700E+6,
1346.000,2.14506825E+6,
1347.000,2.14533475E+6,
1348.000,2.14559650E+6,
1349.000,2.14585325E+6,
1350.00,2.14610450E+6,
1351.000,2.14635125E+6,
1352.000,2.14659325E+6,
1353.000,2.14683000E+6,
1354.000,2.14706200E+6,
1355.000,2.14728875E+6,
1356.000,2.14751125E+6,
1357.000,2.14772850E+6,
1358.000,2.14794075E+6,
1359.000,2.14814875E+6,
1360.00,2.14835150E+6,
1361.000,2.14854950E+6,
1362.000,2.14874250E+6,
1363.000,2.14893100E+6,
1364.000,2.14911475E+6,
1365.000,2.14929375E+6,
1366.000,2.14946775E+6,
1367.000,2.14963725E+6,
1368.000,2.14980175E+6,
1369.000,2.14996175E+6,
1370.00,2.15011725E+6,
1371.000,2.15026775E+6,
1372.000,2.15041400E+6,
1373.000,2.15055525E+6,
1374.000,2.15069175E+6,
1375.000,2.15082375E+6,
1376.000,2.15095125E+6,
1377.000,2.15107425E+6,
1378.000,2.15119225E+6,
1379.000,2.15130625E+6,
1380.00,2.15141525E+6,
1381.000,2.15151975E+6,
1382.000,2.15161975E+6,
1383.000,2.15171550E+6,
1384.000,2.15180650E+6,
1385.000,2.15189275E+6,
1386.000,2.15197500E+6,
1387.000,2.15205250E+6,
1388.000,2.15212550E+6,
1389.000,2.15219400E+6,
1390.00,2.15225850E+6,
1391.000,2.15231825E+6,
1392.000,2.15237375E+6,
1393.000,2.15242475E+6,
1394.000,2.15247125E+6,
1395.000,2.15251350E+6,
1396.000,2.15255150E+6,
1397.000,2.15258500E+6,
1398.000,2.15261425E+6,
1399.000,2.15263925E+6,
1400.00,2.15266000E+6,
1401.000,2.15267625E+6,
1402.000,2.15268825E+6,
1403.000,2.15269600E+6,
1404.000,2.15269950E+6,
1405.000,2.15269875E+6,
1406.000,2.15269375E+6,
1407.000,2.15268475E+6,
1408.000,2.15267125E+6,
1409.000,2.15265375E+6,
1410.00,2.15263200E+6,
1411.000,2.15260625E+6,
1412.000,2.15257575E+6,
1413.000,2.15254150E+6,
1414.000,2.15250325E+6,
1415.000,2.15246100E+6,
1416.000,2.15241450E+6,
1417.000,2.15236375E+6,
1418.000,2.15230900E+6,
1419.000,2.15225025E+6,
1420.00,2.15218725E+6,
1421.000,2.15212050E+6,
1422.000,2.15204975E+6,
1423.000,2.15197475E+6,
1424.000,2.15189550E+6,
1425.000,2.15181275E+6,
1426.000,2.15172600E+6,
1427.000,2.15163500E+6,
1428.000,2.15154000E+6,
1429.000,2.15144125E+6,
1430.00,2.15133825E+6,
1431.000,2.15123175E+6,
1432.000,2.15112150E+6,
1433.000,2.15100675E+6,
1434.000,2.15088850E+6,
1435.000,2.15076650E+6,
1436.000,2.15064025E+6,
1437.000,2.15051050E+6,
1438.000,2.15037650E+6,
1439.000,2.15023900E+6,
1440.00,2.15009750E+6,
1441.000,2.14995250E+6,
1442.000,2.14980325E+6,
1443.000,2.14965075E+6,
1444.000,2.14949400E+6,
1445.000,2.14933400E+6,
1446.000,2.14916975E+6,
1447.000,2.14900225E+6,
1448.000,2.14883050E+6,
1449.000,2.14865575E+6,
1450.00,2.14847675E+6,
1451.000,2.14829425E+6,
1452.000,2.14810800E+6,
1453.000,2.14791800E+6,
1454.000,2.14772475E+6,
1455.000,2.14752750E+6,
1456.000,2.14732650E+6,
1457.000,2.14712250E+6,
1458.000,2.14691425E+6,
1459.000,2.14670275E+6,
1460.00,2.14648775E+6,
1461.000,2.14626900E+6,
1462.000,2.14604675E+6,
1463.000,2.14582100E+6,
1464.000,2.14559175E+6,
1465.000,2.14535875E+6,
1466.000,2.14512250E+6,
1467.000,2.14488250E+6,
1468.000,2.14463950E+6,
1469.000,2.14439250E+6,
1470.00,2.14414225E+6,
1471.000,2.14388850E+6,
1472.000,2.14363100E+6,
1473.000,2.14337075E+6,
1474.000,2.14310700E+6,
1475.000,2.14283925E+6,
1476.000,2.14256875E+6,
1477.000,2.14229425E+6,
1478.000,2.14201700E+6,
1479.000,2.14173600E+6,
1480.00,2.14145150E+6,
1481.000,2.14116400E+6,
1482.000,2.14087300E+6,
1483.000,2.14057875E+6,
1484.000,2.14028150E+6,
1485.000,2.13998050E+6,
1486.000,2.13967675E+6,
1487.000,2.13936925E+6,
1488.000,2.13905850E+6,
1489.000,2.13874475E+6,
1490.00,2.13842750E+6,
1491.000,2.13810675E+6,
1492.000,2.13778325E+6,
1493.000,2.13745650E+6,
1494.000,2.13712675E+6,
1495.000,2.13679350E+6,
1496.000,2.13645725E+6,
1497.000,2.13611775E+6,
1498.000,2.13577525E+6,
1499.000,2.13542950E+6,
1500.00,2.13508050E+6,
1501.000,2.13472825E+6,
1502.000,2.13437325E+6,
1503.000,2.13401500E+6,
1504.000,2.13365400E+6,
1505.000,2.13328950E+6,
1506.000,2.13292200E+6,
1507.000,2.13255125E+6,
1508.000,2.13217800E+6,
1509.000,2.13180125E+6,
1510.00,2.13142175E+6,
1511.000,2.13103925E+6,
1512.000,2.13065350E+6,
1513.000,2.13026500E+6,
1514.000,2.12987350E+6,
1515.000,2.12947875E+6,
1516.000,2.12908100E+6,
1517.000,2.12868075E+6,
1518.000,2.12827750E+6,
1519.000,2.12787100E+6,
1520.00,2.12746200E+6,
1521.000,2.12704975E+6,
1522.000,2.12663450E+6,
1523.000,2.12621675E+6,
1524.000,2.12579575E+6,
1525.000,2.12537225E+6,
1526.000,2.12494575E+6,
1527.000,2.12451625E+6,
1528.000,2.12408400E+6,
1529.000,2.12364900E+6,
1530.00,2.12321125E+6,
1531.000,2.12277050E+6,
1532.000,2.12232700E+6,
1533.000,2.12188075E+6,
1534.000,2.12143175E+6,
1535.000,2.12098025E+6,
1536.000,2.12052525E+6,
1537.000,2.12006825E+6,
1538.000,2.11960800E+6,
1539.000,2.11914550E+6,
1540.00,2.11867975E+6,
1541.000,2.11821200E+6,
1542.000,2.11774075E+6,
1543.000,2.11726750E+6,
1544.000,2.11679100E+6,
1545.000,2.11631250E+6,
1546.000,2.11583075E+6,
1547.000,2.11534675E+6,
1548.000,2.11485975E+6,
1549.000,2.11437025E+6,
1550.00,2.11387850E+6,
1551.000,2.11338350E+6,
1552.000,2.11288650E+6,
1553.000,2.11238650E+6,
1554.000,2.11188400E+6,
1555.000,2.11137925E+6,
1556.000,2.11087175E+6,
1557.000,2.11036150E+6,
1558.000,2.10984900E+6,
1559.000,2.10933375E+6,
1560.00,2.10881600E+6,
1561.000,2.10829575E+6,
1562.000,2.10777300E+6,
1563.000,2.10724800E+6,
1564.000,2.10672025E+6,
1565.000,2.10619025E+6,
1566.000,2.10565750E+6,
1567.000,2.10512225E+6,
1568.000,2.10458500E+6,
1569.000,2.10404500E+6,
1570.00,2.10350250E+6,
1571.000,2.10295775E+6,
1572.000,2.10241075E+6,
1573.000,2.10186125E+6,
1574.000,2.10130900E+6,
1575.000,2.10075450E+6,
1576.000,2.10019800E+6,
1577.000,2.09963900E+6,
1578.000,2.09907750E+6,
1579.000,2.09851350E+6,
1580.00,2.09794750E+6,
1581.000,2.09737900E+6,
1582.000,2.09680825E+6,
1583.000,2.09623525E+6,
1584.000,2.09565975E+6,
1585.000,2.09508188E+6,
1586.000,2.09450213E+6,
1587.000,2.09392000E+6,
1588.000,2.09333550E+6,
1589.000,2.09274875E+6,
1590.00,2.09215975E+6,
1591.000,2.09156863E+6,
1592.000,2.09097513E+6,
1593.000,2.09037950E+6,
1594.000,2.08978175E+6,
1595.000,2.08918150E+6,
1596.000,2.08857913E+6,
1597.000,2.08797463E+6,
1598.000,2.08736825E+6,
1599.000,2.08675913E+6,
1600.00,2.08614825E+6,
1601.000,2.08553525E+6,
1602.000,2.08492000E+6,
1603.000,2.08430275E+6,
1604.000,2.08368313E+6,
1605.000,2.08306150E+6,
1606.000,2.08243788E+6,
1607.000,2.08181213E+6,
1608.000,2.08118425E+6,
1609.000,2.08055438E+6,
1610.00,2.07992225E+6,
1611.000,2.07928813E+6,
1612.000,2.07865200E+6,
1613.000,2.07801375E+6,
1614.000,2.07737350E+6,
1615.000,2.07673125E+6,
1616.000,2.07608713E+6,
1617.000,2.07544050E+6,
1618.000,2.07479250E+6,
1619.000,2.07414200E+6,
1620.00,2.07348975E+6,
1621.000,2.07283538E+6,
1622.000,2.07217925E+6,
1623.000,2.07152100E+6,
1624.000,2.07086100E+6,
1625.000,2.07019875E+6,
1626.000,2.06953475E+6,
1627.000,2.06886850E+6,
1628.000,2.06820088E+6,
1629.000,2.06753100E+6,
1630.00,2.06685925E+6,
1631.000,2.06618575E+6,
1632.000,2.06551013E+6,
1633.000,2.06483263E+6,
1634.000,2.06415338E+6,
1635.000,2.06347213E+6,
1636.000,2.06278925E+6,
1637.000,2.06210438E+6,
1638.000,2.06141775E+6,
1639.000,2.06072925E+6,
1640.00,2.06003888E+6,
1641.000,2.05934663E+6,
1642.000,2.05865275E+6,
1643.000,2.05795675E+6,
1644.000,2.05725925E+6,
1645.000,2.05655988E+6,
1646.000,2.05585875E+6,
1647.000,2.05515588E+6,
1648.000,2.05445125E+6,
1649.000,2.05374463E+6,
1650.00,2.05303650E+6,
1651.000,2.05232663E+6,
1652.000,2.05161500E+6,
1653.000,2.05090163E+6,
1654.000,2.05018638E+6,
1655.000,2.04946950E+6,
1656.000,2.04875100E+6,
1657.000,2.04803075E+6,
1658.000,2.04730888E+6,
1659.000,2.04658525E+6,
1660.00,2.04585988E+6,
1661.000,2.04513300E+6,
1662.000,2.04440425E+6,
1663.000,2.04367413E+6,
1664.000,2.04294225E+6,
1665.000,2.04220875E+6,
1666.000,2.04147325E+6,
1667.000,2.04073675E+6,
1668.000,2.03999838E+6,
1669.000,2.03925825E+6,
1670.00,2.03851663E+6,
1671.000,2.03777325E+6,
1672.000,2.03702863E+6,
1673.000,2.03628213E+6,
1674.000,2.03553438E+6,
1675.000,2.03478475E+6,
1676.000,2.03403363E+6,
1677.000,2.03328100E+6,
1678.000,2.03252688E+6,
1679.000,2.03177113E+6,
1680.00,2.03101375E+6,
1681.000,2.03025513E+6,
1682.000,2.02949488E+6,
1683.000,2.02873313E+6,
1684.000,2.02796988E+6,
1685.000,2.02720500E+6,
1686.000,2.02643875E+6,
1687.000,2.02567113E+6,
1688.000,2.02490188E+6,
1689.000,2.02413125E+6,
1690.00,2.02335900E+6,
1691.000,2.02258538E+6,
1692.000,2.02181050E+6,
1693.000,2.02103400E+6,
1694.000,2.02025588E+6,
1695.000,2.01947650E+6,
1696.000,2.01869575E+6,
1697.000,2.01791363E+6,
1698.000,2.01713000E+6,
1699.000,2.01634513E+6,
1700.00,2.01555875E+6,
1701.000,2.01477100E+6,
1702.000,2.01398200E+6,
1703.000,2.01319150E+6,
1704.000,2.01239938E+6,
1705.000,2.01160613E+6,
1706.000,2.01081163E+6,
1707.000,2.01001575E+6,
1708.000,2.00921838E+6,
1709.000,2.00842000E+6,
1710.00,2.00762000E+6,
1711.000,2.00681863E+6,
1712.000,2.00601625E+6,
1713.000,2.00521225E+6,
1714.000,2.00440713E+6,
1715.000,2.00360063E+6,
1716.000,2.00279300E+6,
1717.000,2.00198388E+6,
1718.000,2.00117363E+6,
1719.000,2.00036200E+6,
1720.00,1.99954913E+6,
1721.000,1.99873513E+6,
1722.000,1.99791963E+6,
1723.000,1.99710325E+6,
1724.000,1.99628538E+6,
1725.000,1.99546625E+6,
1726.000,1.99464613E+6,
1727.000,1.99382475E+6,
1728.000,1.99300188E+6,
1729.000,1.99217800E+6,
1730.00,1.99135288E+6,
1731.000,1.99052638E+6,
1732.000,1.98969900E+6,
1733.000,1.98887050E+6,
1734.000,1.98804050E+6,
1735.000,1.98720963E+6,
1736.000,1.98637738E+6,
1737.000,1.98554413E+6,
1738.000,1.98470950E+6,
1739.000,1.98387400E+6,
1740.00,1.98303738E+6,
1741.000,1.98219913E+6,
1742.000,1.98136025E+6,
1743.000,1.98052000E+6,
1744.000,1.97967875E+6,
1745.000,1.97883638E+6,
1746.000,1.97799300E+6,
1747.000,1.97714838E+6,
1748.000,1.97630275E+6,
1749.000,1.97545613E+6,
1750.00,1.97460813E+6,
1751.000,1.97375938E+6,
1752.000,1.97290925E+6,
1753.000,1.97205825E+6,
1754.000,1.97120625E+6,
1755.000,1.97035313E+6,
1756.000,1.96949900E+6,
1757.000,1.96864363E+6,
1758.000,1.96778738E+6,
1759.000,1.96693000E+6,
1760.00,1.96607188E+6,
1761.000,1.96521250E+6,
1762.000,1.96435200E+6,
1763.000,1.96349075E+6,
1764.000,1.96262825E+6,
1765.000,1.96176525E+6,
1766.000,1.96090063E+6,
1767.000,1.96003538E+6,
1768.000,1.95916900E+6,
1769.000,1.95830188E+6,
1770.00,1.95743350E+6,
1771.000,1.95656450E+6,
1772.000,1.95569425E+6,
1773.000,1.95482325E+6,
1774.000,1.95395100E+6,
1775.000,1.95307813E+6,
1776.000,1.95220413E+6,
1777.000,1.95132925E+6,
1778.000,1.95045350E+6,
1779.000,1.94957675E+6,
1780.00,1.94869913E+6,
1781.000,1.94782063E+6,
1782.000,1.94694125E+6,
1783.000,1.94606100E+6,
1784.000,1.94517975E+6,
1785.000,1.94429763E+6,
1786.000,1.94341463E+6,
1787.000,1.94253075E+6,
1788.000,1.94164600E+6,
1789.000,1.94076050E+6,
1790.00,1.93987413E+6,
1791.000,1.93898688E+6,
1792.000,1.93809863E+6,
1793.000,1.93720950E+6,
1794.000,1.93631975E+6,
1795.000,1.93542900E+6,
1796.000,1.93453763E+6,
1797.000,1.93364538E+6,
1798.000,1.93275213E+6,
1799.000,1.93185800E+6,
1800.00,1.93096325E+6,
1801.000,1.93006775E+6,
1802.000,1.92917138E+6,
1803.000,1.92827413E+6,
1804.000,1.92737613E+6,
1805.000,1.92647750E+6,
1806.000,1.92557788E+6,
1807.000,1.92467763E+6,
1808.000,1.92377638E+6,
1809.000,1.92287463E+6,
1810.00,1.92197213E+6,
1811.000,1.92106850E+6,
1812.000,1.92016438E+6,
1813.000,1.91925963E+6,
1814.000,1.91835400E+6,
1815.000,1.91744775E+6,
1816.000,1.91654063E+6,
1817.000,1.91563275E+6,
1818.000,1.91472438E+6,
1819.000,1.91381500E+6,
1820.00,1.91290513E+6,
1821.000,1.91199425E+6,
1822.000,1.91108300E+6,
1823.000,1.91017088E+6,
1824.000,1.90925825E+6,
1825.000,1.90834488E+6,
1826.000,1.90743063E+6,
1827.000,1.90651600E+6,
1828.000,1.90560038E+6,
1829.000,1.90468413E+6,
1830.00,1.90376738E+6,
1831.000,1.90284988E+6,
1832.000,1.90193175E+6,
1833.000,1.90101288E+6,
1834.000,1.90009325E+6,
1835.000,1.89917313E+6,
1836.000,1.89825250E+6,
1837.000,1.89733113E+6,
1838.000,1.89640925E+6,
1839.000,1.89548650E+6,
1840.00,1.89456325E+6,
1841.000,1.89363950E+6,
1842.000,1.89271488E+6,
1843.000,1.89178988E+6,
1844.000,1.89086425E+6,
1845.000,1.88993800E+6,
1846.000,1.88901100E+6,
1847.000,1.88808363E+6,
1848.000,1.88715538E+6,
1849.000,1.88622688E+6,
1850.00,1.88529763E+6,
1851.000,1.88436775E+6,
1852.000,1.88343738E+6,
1853.000,1.88250638E+6,
1854.000,1.88157500E+6,
1855.000,1.88064313E+6,
1856.000,1.87971025E+6,
1857.000,1.87877738E+6,
1858.000,1.87784350E+6,
1859.000,1.87690913E+6,
1860.00,1.87597438E+6,
1861.000,1.87503900E+6,
1862.000,1.87410325E+6,
1863.000,1.87316688E+6,
1864.000,1.87223013E+6,
1865.000,1.87129275E+6,
1866.000,1.87035488E+6,
1867.000,1.86941650E+6,
1868.000,1.86847750E+6,
1869.000,1.86753813E+6,
1870.00,1.86659813E+6,
1871.000,1.86565763E+6,
1872.000,1.86471688E+6,
1873.000,1.86377550E+6,
1874.000,1.86283375E+6,
1875.000,1.86189138E+6,
1876.000,1.86094863E+6,
1877.000,1.86000525E+6,
1878.000,1.85906163E+6,
1879.000,1.85811738E+6,
1880.00,1.85717275E+6,
1881.000,1.85622750E+6,
1882.000,1.85528200E+6,
1883.000,1.85433625E+6,
1884.000,1.85338975E+6,
1885.000,1.85244288E+6,
1886.000,1.85149538E+6,
1887.000,1.85054788E+6,
1888.000,1.84959963E+6,
1889.000,1.84865113E+6,
1890.00,1.84770213E+6,
1891.000,1.84675275E+6,
1892.000,1.84580288E+6,
1893.000,1.84485263E+6,
1894.000,1.84390200E+6,
1895.000,1.84295100E+6,
1896.000,1.84199975E+6,
1897.000,1.84104775E+6,
1898.000,1.84009563E+6,
1899.000,1.83914300E+6,
1900.00,1.83819013E+6,
1901.000,1.83723688E+6,
1902.000,1.83628313E+6,
1903.000,1.83532888E+6,
1904.000,1.83437463E+6,
1905.000,1.83341963E+6,
1906.000,1.83246450E+6,
1907.000,1.83150925E+6,
1908.000,1.83055313E+6,
1909.000,1.82959688E+6,
1910.00,1.82864050E+6,
1911.000,1.82768363E+6,
1912.000,1.82672638E+6,
1913.000,1.82576875E+6,
1914.000,1.82481088E+6,
1915.000,1.82385263E+6,
1916.000,1.82289413E+6,
1917.000,1.82193525E+6,
1918.000,1.82097600E+6,
1919.000,1.82001650E+6,
1920.00,1.81905663E+6,
1921.000,1.81809650E+6,
1922.000,1.81713613E+6,
1923.000,1.81617550E+6,
1924.000,1.81521450E+6,
1925.000,1.81425313E+6,
1926.000,1.81329150E+6,
1927.000,1.81232963E+6,
1928.000,1.81136750E+6,
1929.000,1.81040513E+6,
1930.00,1.80944225E+6,
1931.000,1.80847938E+6,
1932.000,1.80751613E+6,
1933.000,1.80655238E+6,
1934.000,1.80558875E+6,
1935.000,1.80462475E+6,
1936.000,1.80366038E+6,
1937.000,1.80269588E+6,
1938.000,1.80173100E+6,
1939.000,1.80076613E+6,
1940.00,1.79980088E+6,
1941.000,1.79883500E+6,
1942.000,1.79786925E+6,
1943.000,1.79690325E+6,
1944.000,1.79593713E+6,
1945.000,1.79497050E+6,
1946.000,1.79400400E+6,
1947.000,1.79303700E+6,
1948.000,1.79206975E+6,
1949.000,1.79110250E+6,
1950.00,1.79013500E+6,
1951.000,1.78916738E+6,
1952.000,1.78819925E+6,
1953.000,1.78723088E+6,
1954.000,1.78626275E+6,
1955.000,1.78529413E+6,
1956.000,1.78432513E+6,
1957.000,1.78335638E+6,
1958.000,1.78238725E+6,
1959.000,1.78141775E+6,
1960.00,1.78044838E+6,
1961.000,1.77947863E+6,
1962.000,1.77850888E+6,
1963.000,1.77753863E+6,
1964.000,1.77656850E+6,
1965.000,1.77559813E+6,
1966.000,1.77462763E+6,
1967.000,1.77365688E+6,
1968.000,1.77268600E+6,
1969.000,1.77171488E+6,
1970.00,1.77074388E+6,
1971.000,1.76977263E+6,
1972.000,1.76880100E+6,
1973.000,1.76782925E+6,
1974.000,1.76685763E+6,
1975.000,1.76588563E+6,
1976.000,1.76491363E+6,
1977.000,1.76394150E+6,
1978.000,1.76296913E+6,
1979.000,1.76199675E+6,
1980.00,1.76102425E+6,
1981.000,1.76005150E+6,
1982.000,1.75907875E+6,
1983.000,1.75810600E+6,
1984.000,1.75713300E+6,
1985.000,1.75615975E+6,
1986.000,1.75518663E+6,
1987.000,1.75421338E+6,
1988.000,1.75323975E+6,
1989.000,1.75226625E+6,
1990.00,1.75129250E+6,
1991.000,1.75031875E+6,
1992.000,1.74934500E+6,
1993.000,1.74837113E+6,
1994.000,1.74739713E+6,
1995.000,1.74642300E+6,
1996.000,1.74544888E+6,
1997.000,1.74447463E+6,
1998.000,1.74350038E+6,
1999.000,1.74252588E+6,
2000.00,1.74155150E+6,
2001.000,1.74057700E+6,
2002.000,1.73960238E+6,
2003.000,1.73862775E+6,
2004.000,1.73765300E+6,
2005.000,1.73667825E+6,
2006.000,1.73570325E+6,
2007.000,1.73472825E+6,
2008.000,1.73375363E+6,
2009.000,1.73277825E+6,
2010.00,1.73180350E+6,
2011.000,1.73082863E+6,
2012.000,1.72985338E+6,
2013.000,1.72887813E+6,
2014.000,1.72790300E+6,
2015.000,1.72692775E+6,
2016.000,1.72595250E+6,
2017.000,1.72497725E+6,
2018.000,1.72400188E+6,
2019.000,1.72302650E+6,
2020.00,1.72205138E+6,
2021.000,1.72107588E+6,
2022.000,1.72010050E+6,
2023.000,1.71912525E+6,
2024.000,1.71814975E+6,
2025.000,1.71717413E+6,
2026.000,1.71619888E+6,
2027.000,1.71522338E+6,
2028.000,1.71424800E+6,
2029.000,1.71327263E+6,
2030.00,1.71229700E+6,
2031.000,1.71132163E+6,
2032.000,1.71034613E+6,
2033.000,1.70937075E+6,
2034.000,1.70839538E+6,
2035.000,1.70742000E+6,
2036.000,1.70644450E+6,
2037.000,1.70546925E+6,
2038.000,1.70449413E+6,
2039.000,1.70351863E+6,
2040.00,1.70254350E+6,
2041.000,1.70156813E+6,
2042.000,1.70059300E+6,
2043.000,1.69961788E+6,
2044.000,1.69864275E+6,
2045.000,1.69766763E+6,
2046.000,1.69669250E+6,
2047.000,1.69571763E+6,
2048.000,1.69474250E+6,
2049.000,1.69376763E+6,
2050.00,1.69279275E+6,
2051.000,1.69181763E+6,
2052.000,1.69084300E+6,
2053.000,1.68986825E+6,
2054.000,1.68889338E+6,
2055.000,1.68791900E+6,
2056.000,1.68694450E+6,
2057.000,1.68596988E+6,
2058.000,1.68499538E+6,
2059.000,1.68402113E+6,
2060.00,1.68304663E+6,
2061.000,1.68207250E+6,
2062.000,1.68109838E+6,
2063.000,1.68012413E+6,
2064.000,1.67915025E+6,
2065.000,1.67817638E+6,
2066.000,1.67720250E+6,
2067.000,1.67622863E+6,
2068.000,1.67525513E+6,
2069.000,1.67428138E+6,
2070.00,1.67330788E+6,
2071.000,1.67233450E+6,
2072.000,1.67136113E+6,
2073.000,1.67038788E+6,
2074.000,1.66941475E+6,
2075.000,1.66844163E+6,
2076.000,1.66746900E+6,
2077.000,1.66649613E+6,
2078.000,1.66552338E+6,
2079.000,1.66455063E+6,
2080.00,1.66357813E+6,
2081.000,1.66260588E+6,
2082.000,1.66163363E+6,
2083.000,1.66066150E+6,
2084.000,1.65968925E+6,
2085.000,1.65871725E+6,
2086.000,1.65774563E+6,
2087.000,1.65677400E+6,
2088.000,1.65580225E+6,
2089.000,1.65483088E+6,
2090.00,1.65385963E+6,
2091.000,1.65288850E+6,
2092.000,1.65191750E+6,
2093.000,1.65094625E+6,
2094.000,1.64997575E+6,
2095.000,1.64900500E+6,
2096.000,1.64803438E+6,
2097.000,1.64706413E+6,
2098.000,1.64609388E+6,
2099.000,1.64512363E+6,
2100.00,1.64415388E+6,
2101.000,1.64318413E+6,
2102.000,1.64221438E+6,
2103.000,1.64124500E+6,
2104.000,1.64027563E+6,
2105.000,1.63930638E+6,
2106.000,1.63833725E+6,
2107.000,1.63736863E+6,
2108.000,1.63639988E+6,
2109.000,1.63543113E+6,
2110.00,1.63446300E+6,
2111.000,1.63349450E+6,
2112.000,1.63252650E+6,
2113.000,1.63155863E+6,
2114.000,1.63059113E+6,
2115.000,1.62962338E+6,
2116.000,1.62865600E+6,
2117.000,1.62768875E+6,
2118.000,1.62672188E+6,
2119.000,1.62575500E+6,
2120.00,1.62478850E+6,
2121.000,1.62382188E+6,
2122.000,1.62285550E+6,
2123.000,1.62188938E+6,
2124.000,1.62092350E+6,
2125.000,1.61995788E+6,
2126.000,1.61899225E+6,
2127.000,1.61802688E+6,
2128.000,1.61706188E+6,
2129.000,1.61609663E+6,
2130.00,1.61513213E+6,
2131.000,1.61416750E+6,
2132.000,1.61320300E+6,
2133.000,1.61223888E+6,
2134.000,1.61127488E+6,
2135.000,1.61031113E+6,
2136.000,1.60934750E+6,
2137.000,1.60838425E+6,
2138.000,1.60742113E+6,
2139.000,1.60645825E+6,
2140.00,1.60549538E+6,
2141.000,1.60453288E+6,
2142.000,1.60357050E+6,
2143.000,1.60260850E+6,
2144.000,1.60164675E+6,
2145.000,1.60068513E+6,
2146.000,1.59972350E+6,
2147.000,1.59876238E+6,
2148.000,1.59780138E+6,
2149.000,1.59684063E+6,
2150.00,1.59588013E+6,
2151.000,1.59491975E+6,
2152.000,1.59395975E+6,
2153.000,1.59299988E+6,
2154.000,1.59204025E+6,
2155.000,1.59108075E+6,
2156.000,1.59012188E+6,
2157.000,1.58916288E+6,
2158.000,1.58820413E+6,
2159.000,1.58724588E+6,
2160.00,1.58628763E+6,
2161.000,1.58532963E+6,
2162.000,1.58437188E+6,
2163.000,1.58341450E+6,
2164.000,1.58245738E+6,
2165.000,1.58150025E+6,
2166.000,1.58054375E+6,
2167.000,1.57958700E+6,
2168.000,1.57863088E+6,
2169.000,1.57767488E+6,
2170.00,1.57671938E+6,
2171.000,1.57576375E+6,
2172.000,1.57480850E+6,
2173.000,1.57385363E+6,
2174.000,1.57289888E+6,
2175.000,1.57194463E+6,
2176.000,1.57099050E+6,
2177.000,1.57003650E+6,
2178.000,1.56908275E+6,
2179.000,1.56812963E+6,
2180.00,1.56717638E+6,
2181.000,1.56622363E+6,
2182.000,1.56527100E+6,
2183.000,1.56431888E+6,
2184.000,1.56336675E+6,
2185.000,1.56241513E+6,
2186.000,1.56146363E+6,
2187.000,1.56051250E+6,
2188.000,1.55956138E+6,
2189.000,1.55861075E+6,
2190.00,1.55766050E+6,
2191.000,1.55671038E+6,
2192.000,1.55576075E+6,
2193.000,1.55481125E+6,
2194.000,1.55386188E+6,
2195.000,1.55291300E+6,
2196.000,1.55196438E+6,
2197.000,1.55101613E+6,
2198.000,1.55006800E+6,
2199.000,1.54912013E+6,
2200.00,1.54817288E+6,
2201.000,1.54722563E+6,
2202.000,1.54627863E+6,
2203.000,1.54533213E+6,
2204.000,1.54438575E+6,
2205.000,1.54343975E+6,
2206.000,1.54249388E+6,
2207.000,1.54154863E+6,
2208.000,1.54060350E+6,
2209.000,1.53965863E+6,
2210.00,1.53871425E+6,
2211.000,1.53777013E+6,
2212.000,1.53682625E+6,
2213.000,1.53588263E+6,
2214.000,1.53493925E+6,
2215.000,1.53399638E+6,
2216.000,1.53305375E+6,
2217.000,1.53211125E+6,
2218.000,1.53116925E+6,
2219.000,1.53022775E+6,
2220.00,1.52928625E+6,
2221.000,1.52834513E+6,
2222.000,1.52740438E+6,
2223.000,1.52646388E+6,
2224.000,1.52552375E+6,
2225.000,1.52458388E+6,
2226.000,1.52364450E+6,
2227.000,1.52270538E+6,
2228.000,1.52176650E+6,
2229.000,1.52082788E+6,
2230.00,1.51988988E+6,
2231.000,1.51895188E+6,
2232.000,1.51801425E+6,
2233.000,1.51707700E+6,
2234.000,1.51614013E+6,
2235.000,1.51520350E+6,
2236.000,1.51426738E+6,
2237.000,1.51333163E+6,
2238.000,1.51239613E+6,
2239.000,1.51146075E+6,
2240.00,1.51052588E+6,
2241.000,1.50959138E+6,
2242.000,1.50865700E+6,
2243.000,1.50772313E+6,
2244.000,1.50678988E+6,
2245.000,1.50585625E+6,
2246.000,1.50492363E+6,
2247.000,1.50399100E+6,
2248.000,1.50305888E+6,
2249.000,1.50212688E+6,
2250.00,1.50119550E+6,
2251.000,1.50026450E+6,
2252.000,1.49933363E+6,
2253.000,1.49840325E+6,
2254.000,1.49747313E+6,
2255.000,1.49654338E+6,
2256.000,1.49561400E+6,
2257.000,1.49468488E+6,
2258.000,1.49375625E+6,
2259.000,1.49282775E+6,
2260.00,1.49189975E+6,
2261.000,1.49097213E+6,
2262.000,1.49004500E+6,
2263.000,1.48911800E+6,
2264.000,1.48819150E+6,
2265.000,1.48726525E+6,
2266.000,1.48633938E+6,
2267.000,1.48541388E+6,
2268.000,1.48448863E+6,
2269.000,1.48356388E+6,
2270.00,1.48263950E+6,
2271.000,1.48171550E+6,
2272.000,1.48079188E+6,
2273.000,1.47986850E+6,
2274.000,1.47894575E+6,
2275.000,1.47802300E+6,
2276.000,1.47710088E+6,
2277.000,1.47617913E+6,
2278.000,1.47525738E+6,
2279.000,1.47433625E+6,
2280.00,1.47341563E+6,
2281.000,1.47249538E+6,
2282.000,1.47157525E+6,
2283.000,1.47065563E+6,
2284.000,1.46973638E+6,
2285.000,1.46881750E+6,
2286.000,1.46789913E+6,
2287.000,1.46698088E+6,
2288.000,1.46606300E+6,
2289.000,1.46514575E+6,
2290.00,1.46422863E+6,
2291.000,1.46331213E+6,
2292.000,1.46239588E+6,
2293.000,1.46148013E+6,
2294.000,1.46056463E+6,
2295.000,1.45964950E+6,
2296.000,1.45873475E+6,
2297.000,1.45782050E+6,
2298.000,1.45690675E+6,
2299.000,1.45599325E+6,
2300.00,1.45508000E+6,
2301.000,1.45416725E+6,
2302.000,1.45325475E+6,
2303.000,1.45234288E+6,
2304.000,1.45143125E+6,
2305.000,1.45051988E+6,
2306.000,1.44960900E+6,
2307.000,1.44869863E+6,
2308.000,1.44778863E+6,
2309.000,1.44687888E+6,
2310.00,1.44596988E+6,
2311.000,1.44506088E+6,
2312.000,1.44415238E+6,
2313.000,1.44324450E+6,
2314.000,1.44233663E+6,
2315.000,1.44142950E+6,
2316.000,1.44052263E+6,
2317.000,1.43961600E+6,
2318.000,1.43870988E+6,
2319.000,1.43780425E+6,
2320.00,1.43689913E+6,
2321.000,1.43599413E+6,
2322.000,1.43508950E+6,
2323.000,1.43418575E+6,
2324.000,1.43328188E+6,
2325.000,1.43237863E+6,
2326.000,1.43147575E+6,
2327.000,1.43057325E+6,
2328.000,1.42967125E+6,
2329.000,1.42876975E+6,
2330.00,1.42786838E+6,
2331.000,1.42696738E+6,
2332.000,1.42606688E+6,
2333.000,1.42516700E+6,
2334.000,1.42426763E+6,
2335.000,1.42336813E+6,
2336.000,1.42246938E+6,
2337.000,1.42157113E+6,
2338.000,1.42067313E+6,
2339.000,1.41977550E+6,
2340.00,1.41887850E+6,
2341.000,1.41798163E+6,
2342.000,1.41708525E+6,
2343.000,1.41618938E+6,
2344.000,1.41529400E+6,
2345.000,1.41439888E+6,
2346.000,1.41350438E+6,
2347.000,1.41261000E+6,
2348.000,1.41171600E+6,
2349.000,1.41082263E+6,
2350.00,1.40992963E+6,
2351.000,1.40903725E+6,
2352.000,1.40814488E+6,
2353.000,1.40725325E+6,
2354.000,1.40636200E+6,
2355.000,1.40547100E+6,
2356.000,1.40458075E+6,
2357.000,1.40369063E+6,
2358.000,1.40280088E+6,
2359.000,1.40191175E+6,
2360.00,1.40102288E+6,
2361.000,1.40013450E+6,
2362.000,1.39924663E+6,
2363.000,1.39835913E+6,
2364.000,1.39747200E+6,
2365.000,1.39658538E+6,
2366.000,1.39569925E+6,
2367.000,1.39481338E+6,
2368.000,1.39392813E+6,
2369.000,1.39304313E+6,
2370.00,1.39215850E+6,
2371.000,1.39127438E+6,
2372.000,1.39039088E+6,
2373.000,1.38950775E+6,
2374.000,1.38862475E+6,
2375.000,1.38774238E+6,
2376.000,1.38686063E+6,
2377.000,1.38597888E+6,
2378.000,1.38509775E+6,
2379.000,1.38421738E+6,
2380.00,1.38333713E+6,
2381.000,1.38245725E+6,
2382.000,1.38157800E+6,
2383.000,1.38069913E+6,
2384.000,1.37982075E+6,
2385.000,1.37894263E+6,
2386.000,1.37806488E+6,
2387.000,1.37718800E+6,
2388.000,1.37631125E+6,
2389.000,1.37543475E+6,
2390.00,1.37455913E+6,
2391.000,1.37368363E+6,
2392.000,1.37280863E+6,
2393.000,1.37193425E+6,
2394.000,1.37106013E+6,
2395.000,1.37018650E+6,
2396.000,1.36931338E+6,
2397.000,1.36844050E+6,
2398.000,1.36756825E+6,
2399.000,1.36669638E+6,
2400.00,1.36582500E+6,
2401.000,1.36495400E+6,
2402.000,1.36408350E+6,
2403.000,1.36321338E+6,
2404.000,1.36234363E+6,
2405.000,1.36147438E+6,
2406.000,1.36060563E+6,
2407.000,1.35973725E+6,
2408.000,1.35886938E+6,
2409.000,1.35800200E+6,
2410.00,1.35713500E+6,
2411.000,1.35626850E+6,
2412.000,1.35540238E+6,
2413.000,1.35453688E+6,
2414.000,1.35367163E+6,
2415.000,1.35280663E+6,
2416.000,1.35194263E+6,
2417.000,1.35107875E+6,
2418.000,1.35021538E+6,
2419.000,1.34935238E+6,
2420.00,1.34848988E+6,
2421.000,1.34762775E+6,
2422.000,1.34676613E+6,
2423.000,1.34590500E+6,
2424.000,1.34504425E+6,
2425.000,1.34418400E+6,
2426.000,1.34332425E+6,
2427.000,1.34246500E+6,
2428.000,1.34160613E+6,
2429.000,1.34074775E+6,
2430.00,1.33988975E+6,
2431.000,1.33903200E+6,
2432.000,1.33817500E+6,
2433.000,1.33731850E+6,
2434.000,1.33646225E+6,
2435.000,1.33560663E+6,
2436.000,1.33475138E+6,
2437.000,1.33389650E+6,
2438.000,1.33304213E+6,
2439.000,1.33218850E+6,
2440.00,1.33133475E+6,
2441.000,1.33048188E+6,
2442.000,1.32962950E+6,
2443.000,1.32877713E+6,
2444.000,1.32792588E+6,
2445.000,1.32707450E+6,
2446.000,1.32622388E+6,
2447.000,1.32537350E+6,
2448.000,1.32452388E+6,
2449.000,1.32367463E+6,
2450.00,1.32282588E+6,
2451.000,1.32197738E+6,
2452.000,1.32112963E+6,
2453.000,1.32028200E+6,
2454.000,1.31943500E+6,
2455.000,1.31858850E+6,
2456.000,1.31774238E+6,
2457.000,1.31689675E+6,
2458.000,1.31605163E+6,
2459.000,1.31520688E+6,
2460.00,1.31436275E+6,
2461.000,1.31351888E+6,
2462.000,1.31267575E+6,
2463.000,1.31183263E+6,
2464.000,1.31099038E+6,
2465.000,1.31014825E+6,
2466.000,1.30930688E+6,
2467.000,1.30846600E+6,
2468.000,1.30762550E+6,
2469.000,1.30678550E+6,
2470.00,1.30594588E+6,
2471.000,1.30510675E+6,
2472.000,1.30426813E+6,
2473.000,1.30342988E+6,
2474.000,1.30259225E+6,
2475.000,1.30175475E+6,
2476.000,1.30091800E+6,
2477.000,1.30008175E+6,
2478.000,1.29924600E+6,
2479.000,1.29841025E+6,
2480.00,1.29757563E+6,
2481.000,1.29674100E+6,
2482.000,1.29590700E+6,
2483.000,1.29507338E+6,
2484.000,1.29424038E+6,
2485.000,1.29340788E+6,
2486.000,1.29257563E+6,
2487.000,1.29174413E+6,
2488.000,1.29091300E+6,
2489.000,1.29008213E+6,
2490.00,1.28925188E+6,
2491.000,1.28842200E+6,
2492.000,1.28759288E+6,
2493.000,1.28676400E+6,
2494.000,1.28593563E+6,
2495.000,1.28510788E+6,
2496.000,1.28428013E+6,
2497.000,1.28345338E+6,
2498.000,1.28262688E+6,
2499.000,1.28180075E+6,
2500.00,1.28097525E+6,
