Labels,SCA30-2-t_old data from 844_Oct2020,
300.00,1.38624699E-3,
301.00,1.37582445E-3,
302.00,1.36545079E-3,
303.00,1.35520461E-3,
304.00,1.34519464E-3,
305.00,1.33555406E-3,
306.00,1.32643478E-3,
307.00,1.31800142E-3,
308.00,1.31042697E-3,
309.00,1.30388851E-3,
310.00,1.29856274E-3,
311.00,1.29462394E-3,
312.00,1.29224092E-3,
313.00,1.29157573E-3,
314.00,1.29278156E-3,
315.00,1.29600242E-3,
316.00,1.30137266E-3,
317.00,1.30901637E-3,
318.00,1.31904788E-3,
319.00,1.33157196E-3,
320.00,1.34668394E-3,
321.00,1.36447093E-3,
322.00,1.38501124E-3,
323.00,1.40837580E-3,
324.00,1.43462780E-3,
325.00,1.46382407E-3,
326.00,1.49601488E-3,
327.00,1.53124507E-3,
328.00,1.56955502E-3,
329.00,1.61098118E-3,
330.00,1.65555754E-3,
331.00,1.70331623E-3,
332.00,1.75428868E-3,
333.00,1.80850679E-3,
334.00,1.86600350E-3,
335.00,1.92681386E-3,
336.00,1.99097535E-3,
337.00,2.05852813E-3,
338.00,2.12951610E-3,
339.00,2.20398582E-3,
340.00,2.28198734E-3,
341.00,2.36357376E-3,
342.00,2.44880002E-3,
343.00,2.53772363E-3,
344.00,2.63040187E-3,
345.00,2.72689294E-3,
346.00,2.82725249E-3,
347.00,2.93153478E-3,
348.00,3.03978915E-3,
349.00,3.15206056E-3,
350.00,3.26838740E-3,
351.00,3.38880089E-3,
352.00,3.51332477E-3,
353.00,3.64197372E-3,
354.00,3.77475447E-3,
355.00,3.91166378E-3,
356.00,4.05269023E-3,
357.00,4.19781310E-3,
358.00,4.34700353E-3,
359.00,4.50022565E-3,
360.00,4.65743430E-3,
361.00,4.81857872E-3,
362.00,4.98360116E-3,
363.00,5.15243644E-3,
364.00,5.32501237E-3,
365.00,5.50124841E-3,
366.00,5.68105746E-3,
367.00,5.86434174E-3,
368.00,6.05099555E-3,
369.00,6.24090293E-3,
370.00,6.43393770E-3,
371.00,6.62996527E-3,
372.00,6.82884175E-3,
373.00,7.03041721E-3,
374.00,7.23453611E-3,
375.00,7.44104059E-3,
376.00,7.64977513E-3,
377.00,7.86058791E-3,
378.00,8.07333738E-3,
379.00,8.28789454E-3,
380.00,8.50414950E-3,
381.00,8.72201379E-3,
382.00,8.94142780E-3,
383.00,9.16235801E-3,
384.00,9.38480720E-3,
385.00,9.60881170E-3,
386.00,9.83444508E-3,
387.00,1.00618172E-2,
388.00,1.02910716E-2,
389.00,1.05223870E-2,
390.00,1.07559636E-2,
391.00,1.09920222E-2,
392.00,1.12307845E-2,
393.00,1.14724729E-2,
394.00,1.17173092E-2,
395.00,1.19655160E-2,
396.00,1.22173158E-2,
397.00,1.24729304E-2,
398.00,1.27325822E-2,
399.00,1.29964938E-2,
400.00,1.32648870E-2,
401.00,1.35379834E-2,
402.00,1.38160074E-2,
403.00,1.40991788E-2,
404.00,1.43877212E-2,
405.00,1.46818571E-2,
406.00,1.49818072E-2,
407.00,1.52877960E-2,
408.00,1.56000433E-2,
409.00,1.59187745E-2,
410.00,1.62442084E-2,
411.00,1.65765695E-2,
412.00,1.69160776E-2,
413.00,1.72629599E-2,
414.00,1.76174324E-2,
415.00,1.79797225E-2,
416.00,1.83500499E-2,
417.00,1.87286362E-2,
418.00,1.91157069E-2,
419.00,1.95114799E-2,
420.00,1.99161824E-2,
421.00,2.03300323E-2,
422.00,2.07532328E-2,
423.00,2.11858898E-2,
424.00,2.16280110E-2,
425.00,2.20795255E-2,
426.00,2.25403048E-2,
427.00,2.30101831E-2,
428.00,2.34889593E-2,
429.00,2.39764191E-2,
430.00,2.44723391E-2,
431.00,2.49765012E-2,
432.00,2.54886858E-2,
433.00,2.60086898E-2,
434.00,2.65363231E-2,
435.00,2.70714127E-2,
436.00,2.76138037E-2,
437.00,2.81633623E-2,
438.00,2.87199747E-2,
439.00,2.92835440E-2,
440.00,2.98539959E-2,
441.00,3.04312743E-2,
442.00,3.10153384E-2,
443.00,3.16061713E-2,
444.00,3.22037674E-2,
445.00,3.28081436E-2,
446.00,3.34193259E-2,
447.00,3.40373553E-2,
448.00,3.46622877E-2,
449.00,3.52941938E-2,
450.00,3.59331518E-2,
451.00,3.65792401E-2,
452.00,3.72325592E-2,
453.00,3.78932022E-2,
454.00,3.85612696E-2,
455.00,3.92368659E-2,
456.00,3.99200805E-2,
457.00,4.06110175E-2,
458.00,4.13097665E-2,
459.00,4.20164168E-2,
460.00,4.27310430E-2,
461.00,4.34537232E-2,
462.00,4.41845208E-2,
463.00,4.49234918E-2,
464.00,4.56706919E-2,
465.00,4.64261547E-2,
466.00,4.71899211E-2,
467.00,4.79620136E-2,
468.00,4.87424545E-2,
469.00,4.95312586E-2,
470.00,5.03284335E-2,
471.00,5.11339828E-2,
472.00,5.19479029E-2,
473.00,5.27701899E-2,
474.00,5.36008365E-2,
475.00,5.44398278E-2,
476.00,5.52871525E-2,
477.00,5.61427996E-2,
478.00,5.70067465E-2,
479.00,5.78789748E-2,
480.00,5.87594733E-2,
481.00,5.96482120E-2,
482.00,6.05451688E-2,
483.00,6.14503175E-2,
484.00,6.23636208E-2,
485.00,6.32850453E-2,
486.00,6.42145351E-2,
487.00,6.51520416E-2,
488.00,6.60975054E-2,
489.00,6.70508444E-2,
490.00,6.80119693E-2,
491.00,6.89807981E-2,
492.00,6.99572042E-2,
493.00,7.09410682E-2,
494.00,7.19322711E-2,
495.00,7.29306564E-2,
496.00,7.39360824E-2,
497.00,7.49484077E-2,
498.00,7.59674758E-2,
499.00,7.69931599E-2,
500.00,7.80253187E-2,
501.00,7.90638328E-2,
502.00,8.01085904E-2,
503.00,8.11594948E-2,
504.00,8.22164789E-2,
505.00,8.32794756E-2,
506.00,8.43484402E-2,
507.00,8.54233429E-2,
508.00,8.65041763E-2,
509.00,8.75909626E-2,
510.00,8.86837170E-2,
511.00,8.97824988E-2,
512.00,9.08873752E-2,
513.00,9.19984281E-2,
514.00,9.31157619E-2,
515.00,9.42395106E-2,
516.00,9.53697935E-2,
517.00,9.65067595E-2,
518.00,9.76505652E-2,
519.00,9.88013744E-2,
520.00,9.99593437E-2,
521.00,1.01124637E-1,
522.00,1.02297403E-1,
523.00,1.03477784E-1,
524.00,1.04665913E-1,
525.00,1.05861895E-1,
526.00,1.07065819E-1,
527.00,1.08277753E-1,
528.00,1.09497756E-1,
529.00,1.10725835E-1,
530.00,1.11961991E-1,
531.00,1.13206193E-1,
532.00,1.14458404E-1,
533.00,1.15718551E-1,
534.00,1.16986550E-1,
535.00,1.18262306E-1,
536.00,1.19545713E-1,
537.00,1.20836668E-1,
538.00,1.22135065E-1,
539.00,1.23440802E-1,
540.00,1.24753766E-1,
541.00,1.26073867E-1,
542.00,1.27401024E-1,
543.00,1.28735125E-1,
544.00,1.30076125E-1,
545.00,1.31423905E-1,
546.00,1.32778391E-1,
547.00,1.34139478E-1,
548.00,1.35507017E-1,
549.00,1.36880919E-1,
550.00,1.38260990E-1,
551.00,1.39647081E-1,
552.00,1.41038954E-1,
553.00,1.42436400E-1,
554.00,1.43839151E-1,
555.00,1.45246923E-1,
556.00,1.46659419E-1,
557.00,1.48076326E-1,
558.00,1.49497285E-1,
559.00,1.50921971E-1,
560.00,1.52350053E-1,
561.00,1.53781176E-1,
562.00,1.55215055E-1,
563.00,1.56651363E-1,
564.00,1.58089831E-1,
565.00,1.59530222E-1,
566.00,1.60972312E-1,
567.00,1.62415892E-1,
568.00,1.63860843E-1,
569.00,1.65307000E-1,
570.00,1.66754276E-1,
571.00,1.68202609E-1,
572.00,1.69651911E-1,
573.00,1.71102166E-1,
574.00,1.72553301E-1,
575.00,1.74005315E-1,
576.00,1.75458163E-1,
577.00,1.76911816E-1,
578.00,1.78366229E-1,
579.00,1.79821342E-1,
580.00,1.81277126E-1,
581.00,1.82733521E-1,
582.00,1.84190437E-1,
583.00,1.85647830E-1,
584.00,1.87105626E-1,
585.00,1.88563734E-1,
586.00,1.90022111E-1,
587.00,1.91480681E-1,
588.00,1.92939401E-1,
589.00,1.94398224E-1,
590.00,1.95857137E-1,
591.00,1.97316140E-1,
592.00,1.98775262E-1,
593.00,2.00234547E-1,
594.00,2.01694071E-1,
595.00,2.03153953E-1,
596.00,2.04614341E-1,
597.00,2.06075400E-1,
598.00,2.07537353E-1,
599.00,2.09000438E-1,
600.00,2.10464939E-1,
601.00,2.11931139E-1,
602.00,2.13399395E-1,
603.00,2.14870051E-1,
604.00,2.16343462E-1,
605.00,2.17820033E-1,
606.00,2.19300181E-1,
607.00,2.20784277E-1,
608.00,2.22272754E-1,
609.00,2.23765999E-1,
610.00,2.25264370E-1,
611.00,2.26768225E-1,
612.00,2.28277862E-1,
613.00,2.29793578E-1,
614.00,2.31315568E-1,
615.00,2.32844025E-1,
616.00,2.34379053E-1,
617.00,2.35920742E-1,
618.00,2.37469122E-1,
619.00,2.39024192E-1,
620.00,2.40585923E-1,
621.00,2.42154241E-1,
622.00,2.43729070E-1,
623.00,2.45310336E-1,
624.00,2.46897951E-1,
625.00,2.48491824E-1,
626.00,2.50091910E-1,
627.00,2.51698136E-1,
628.00,2.53310472E-1,
629.00,2.54928976E-1,
630.00,2.56553590E-1,
631.00,2.58184433E-1,
632.00,2.59821534E-1,
633.00,2.61464983E-1,
634.00,2.63114929E-1,
635.00,2.64771461E-1,
636.00,2.66434729E-1,
637.00,2.68104941E-1,
638.00,2.69782245E-1,
639.00,2.71466851E-1,
640.00,2.73158967E-1,
641.00,2.74858892E-1,
642.00,2.76566893E-1,
643.00,2.78283268E-1,
644.00,2.80008316E-1,
645.00,2.81742454E-1,
646.00,2.83486038E-1,
647.00,2.85239458E-1,
648.00,2.87003040E-1,
649.00,2.88777202E-1,
650.00,2.90562242E-1,
651.00,2.92358428E-1,
652.00,2.94165909E-1,
653.00,2.95984864E-1,
654.00,2.97815204E-1,
655.00,2.99656838E-1,
656.00,3.01509529E-1,
657.00,3.03372860E-1,
658.00,3.05246323E-1,
659.00,3.07129294E-1,
660.00,3.09021026E-1,
661.00,3.10920686E-1,
662.00,3.12827349E-1,
663.00,3.14740062E-1,
664.00,3.16657871E-1,
665.00,3.18579823E-1,
666.00,3.20504934E-1,
667.00,3.22432399E-1,
668.00,3.24361473E-1,
669.00,3.26291442E-1,
670.00,3.28221828E-1,
671.00,3.30152303E-1,
672.00,3.32082659E-1,
673.00,3.34012896E-1,
674.00,3.35943162E-1,
675.00,3.37873816E-1,
676.00,3.39805335E-1,
677.00,3.41738403E-1,
678.00,3.43673766E-1,
679.00,3.45612288E-1,
680.00,3.47554833E-1,
681.00,3.49502385E-1,
682.00,3.51455778E-1,
683.00,3.53415906E-1,
684.00,3.55383456E-1,
685.00,3.57359111E-1,
686.00,3.59343320E-1,
687.00,3.61336470E-1,
688.00,3.63338739E-1,
689.00,3.65350187E-1,
690.00,3.67370725E-1,
691.00,3.69400144E-1,
692.00,3.71438146E-1,
693.00,3.73484254E-1,
694.00,3.75537962E-1,
695.00,3.77598673E-1,
696.00,3.79665762E-1,
697.00,3.81738514E-1,
698.00,3.83816123E-1,
699.00,3.85897845E-1,
700.00,3.87982875E-1,
701.00,3.90070379E-1,
702.00,3.92159581E-1,
703.00,3.94249678E-1,
704.00,3.96339923E-1,
705.00,3.98429662E-1,
706.00,4.00518268E-1,
707.00,4.02605176E-1,
708.00,4.04689938E-1,
709.00,4.06772166E-1,
710.00,4.08851624E-1,
711.00,4.10928071E-1,
712.00,4.13001418E-1,
713.00,4.15071607E-1,
714.00,4.17138606E-1,
715.00,4.19202566E-1,
716.00,4.21263516E-1,
717.00,4.23321694E-1,
718.00,4.25377220E-1,
719.00,4.27430302E-1,
720.00,4.29481179E-1,
721.00,4.31529999E-1,
722.00,4.33577001E-1,
723.00,4.35622305E-1,
724.00,4.37666148E-1,
725.00,4.39708591E-1,
726.00,4.41749781E-1,
727.00,4.43789780E-1,
728.00,4.45828617E-1,
729.00,4.47866350E-1,
730.00,4.49902922E-1,
731.00,4.51938331E-1,
732.00,4.53972518E-1,
733.00,4.56005454E-1,
734.00,4.58037049E-1,
735.00,4.60067272E-1,
736.00,4.62095976E-1,
737.00,4.64123160E-1,
738.00,4.66148645E-1,
739.00,4.68172401E-1,
740.00,4.70194250E-1,
741.00,4.72214133E-1,
742.00,4.74231839E-1,
743.00,4.76247191E-1,
744.00,4.78260040E-1,
745.00,4.80270118E-1,
746.00,4.82277185E-1,
747.00,4.84281033E-1,
748.00,4.86281395E-1,
749.00,4.88278031E-1,
750.00,4.90270764E-1,
751.00,4.92259413E-1,
752.00,4.94243860E-1,
753.00,4.96224016E-1,
754.00,4.98199821E-1,
755.00,5.00171304E-1,
756.00,5.02138555E-1,
757.00,5.04101515E-1,
758.00,5.06060362E-1,
759.00,5.08015156E-1,
760.00,5.09965956E-1,
761.00,5.11912823E-1,
762.00,5.13855875E-1,
763.00,5.15795112E-1,
764.00,5.17730653E-1,
765.00,5.19662440E-1,
766.00,5.21590650E-1,
767.00,5.23515224E-1,
768.00,5.25436282E-1,
769.00,5.27353942E-1,
770.00,5.29268205E-1,
771.00,5.31179309E-1,
772.00,5.33087373E-1,
773.00,5.34992516E-1,
774.00,5.36894977E-1,
775.00,5.38794816E-1,
776.00,5.40692210E-1,
777.00,5.42587221E-1,
778.00,5.44479966E-1,
779.00,5.46370327E-1,
780.00,5.48258364E-1,
781.00,5.50143898E-1,
782.00,5.52026808E-1,
783.00,5.53906798E-1,
784.00,5.55783629E-1,
785.00,5.57656884E-1,
786.00,5.59526205E-1,
787.00,5.61391234E-1,
788.00,5.63251495E-1,
789.00,5.65106690E-1,
790.00,5.66956460E-1,
791.00,5.68800509E-1,
792.00,5.70638657E-1,
793.00,5.72470784E-1,
794.00,5.74297011E-1,
795.00,5.76117337E-1,
796.00,5.77932179E-1,
797.00,5.79741895E-1,
798.00,5.81547022E-1,
799.00,5.83348095E-1,
800.00,5.85145712E-1,
801.00,5.86940587E-1,
802.00,5.88733375E-1,
803.00,5.90524673E-1,
804.00,5.92315018E-1,
805.00,5.94104886E-1,
806.00,5.95894754E-1,
807.00,5.97684801E-1,
808.00,5.99475265E-1,
809.00,6.01266146E-1,
810.00,6.03057384E-1,
811.00,6.04848742E-1,
812.00,6.06640041E-1,
813.00,6.08430803E-1,
814.00,6.10220671E-1,
815.00,6.12009048E-1,
816.00,6.13795459E-1,
817.00,6.15579247E-1,
818.00,6.17359996E-1,
819.00,6.19137108E-1,
820.00,6.20910108E-1,
821.00,6.22678757E-1,
822.00,6.24442697E-1,
823.00,6.26201928E-1,
824.00,6.27956510E-1,
825.00,6.29706800E-1,
826.00,6.31453335E-1,
827.00,6.33196771E-1,
828.00,6.34938180E-1,
829.00,6.36678696E-1,
830.00,6.38419747E-1,
831.00,6.40162826E-1,
832.00,6.41909778E-1,
833.00,6.43662274E-1,
834.00,6.45422220E-1,
835.00,6.47191584E-1,
836.00,6.48972273E-1,
837.00,6.50766075E-1,
838.00,6.52574778E-1,
839.00,6.54400110E-1,
840.00,6.56243443E-1,
841.00,6.58106148E-1,
842.00,6.59989476E-1,
843.00,6.61894262E-1,
844.00,6.63821340E-1,
845.00,6.65534973E-1,
846.00,6.67254448E-1,
847.00,6.68969214E-1,
848.00,6.70669854E-1,
849.00,6.72350943E-1,
850.00,6.74009442E-1,
851.00,6.75641954E-1,
852.00,6.77244425E-1,
853.00,6.78813517E-1,
854.00,6.80347860E-1,
855.00,6.81850672E-1,
856.00,6.83328748E-1,
857.00,6.84789658E-1,
858.00,6.86237693E-1,
859.00,6.87676132E-1,
860.00,6.89106524E-1,
861.00,6.90528929E-1,
862.00,6.91944838E-1,
863.00,6.93355680E-1,
864.00,6.94762349E-1,
865.00,6.96165264E-1,
866.00,6.97564662E-1,
867.00,6.98961675E-1,
868.00,7.00359166E-1,
869.00,7.01761365E-1,
870.00,7.03173697E-1,
871.00,7.04600275E-1,
872.00,7.06040621E-1,
873.00,7.07491159E-1,
874.00,7.08949447E-1,
875.00,7.10414827E-1,
876.00,7.11883068E-1,
877.00,7.13347793E-1,
878.00,7.14804292E-1,
879.00,7.16250181E-1,
880.00,7.17685580E-1,
881.00,7.19109952E-1,
882.00,7.20523596E-1,
883.00,7.21926451E-1,
884.00,7.23317921E-1,
885.00,7.24696755E-1,
886.00,7.26063967E-1,
887.00,7.27421045E-1,
888.00,7.28770554E-1,
889.00,7.30116129E-1,
890.00,7.31461883E-1,
891.00,7.32813478E-1,
892.00,7.34174967E-1,
893.00,7.35546947E-1,
894.00,7.36927032E-1,
895.00,7.38314509E-1,
896.00,7.39706874E-1,
897.00,7.41100729E-1,
898.00,7.42490768E-1,
899.00,7.43870258E-1,
900.00,7.45232701E-1,
901.00,7.46575415E-1,
902.00,7.47896731E-1,
903.00,7.49198139E-1,
904.00,7.50480950E-1,
905.00,7.51748741E-1,
906.00,7.53005028E-1,
907.00,7.54255235E-1,
908.00,7.55503774E-1,
909.00,7.56753683E-1,
910.00,7.58009136E-1,
911.00,7.59274006E-1,
912.00,7.60549724E-1,
913.00,7.61833668E-1,
914.00,7.63122916E-1,
915.00,7.64413595E-1,
916.00,7.65700758E-1,
917.00,7.66980469E-1,
918.00,7.68249869E-1,
919.00,7.69509137E-1,
920.00,7.70758688E-1,
921.00,7.71998048E-1,
922.00,7.73230016E-1,
923.00,7.74458051E-1,
924.00,7.75685728E-1,
925.00,7.76911736E-1,
926.00,7.78133333E-1,
927.00,7.79350579E-1,
928.00,7.80567467E-1,
929.00,7.81790555E-1,
930.00,7.83023119E-1,
931.00,7.84265578E-1,
932.00,7.85517693E-1,
933.00,7.86777258E-1,
934.00,7.88040876E-1,
935.00,7.89303124E-1,
936.00,7.90559351E-1,
937.00,7.91807473E-1,
938.00,7.93047726E-1,
939.00,7.94280648E-1,
940.00,7.95504570E-1,
941.00,7.96717405E-1,
942.00,7.97917902E-1,
943.00,7.99105585E-1,
944.00,8.00281048E-1,
945.00,8.01448286E-1,
946.00,8.02612126E-1,
947.00,8.03777695E-1,
948.00,8.04947555E-1,
949.00,8.06123316E-1,
950.00,8.07307899E-1,
951.00,8.08502257E-1,
952.00,8.09704363E-1,
953.00,8.10909629E-1,
954.00,8.12112272E-1,
955.00,8.13310444E-1,
956.00,8.14505219E-1,
957.00,8.15698862E-1,
958.00,8.16893458E-1,
959.00,8.18090498E-1,
960.00,8.19288969E-1,
961.00,8.20487916E-1,
962.00,8.21686506E-1,
963.00,8.22882771E-1,
964.00,8.24076653E-1,
965.00,8.25221300E-1,
966.00,8.26359808E-1,
967.00,8.27492476E-1,
968.00,8.28619123E-1,
969.00,8.29739928E-1,
970.00,8.30854714E-1,
971.00,8.31964076E-1,
972.00,8.33067775E-1,
973.00,8.34166110E-1,
974.00,8.35259080E-1,
975.00,8.36346865E-1,
976.00,8.37429523E-1,
977.00,8.38507235E-1,
978.00,8.39580417E-1,
979.00,8.40649068E-1,
980.00,8.41713607E-1,
981.00,8.42774093E-1,
982.00,8.43830764E-1,
983.00,8.44883680E-1,
984.00,8.45933080E-1,
985.00,8.46979022E-1,
986.00,8.48021150E-1,
987.00,8.49059761E-1,
988.00,8.50094736E-1,
989.00,8.51125658E-1,
990.00,8.52152646E-1,
991.00,8.53175282E-1,
992.00,8.54193330E-1,
993.00,8.55206788E-1,
994.00,8.56215477E-1,
995.00,8.57219219E-1,
996.00,8.58217537E-1,
997.00,8.59210193E-1,
998.00,8.60196829E-1,
999.00,8.61177504E-1,
1000.00,8.62151921E-1,
1001.000,8.63150775E-1,
1002.000,8.64145517E-1,
1003.000,8.65136206E-1,
1004.000,8.66122901E-1,
1005.000,8.67105544E-1,
1006.000,8.68084133E-1,
1007.000,8.69058788E-1,
1008.000,8.70029390E-1,
1009.000,8.70995939E-1,
1010.00,8.71958554E-1,
1011.000,8.72917116E-1,
1012.000,8.73871684E-1,
1013.000,8.74822080E-1,
1014.000,8.75768781E-1,
1015.000,8.76711369E-1,
1016.000,8.77650023E-1,
1017.000,8.78584504E-1,
1018.000,8.79515290E-1,
1019.000,8.80441844E-1,
1020.00,8.81364703E-1,
1021.000,8.82283390E-1,
1022.000,8.83198202E-1,
1023.000,8.84108901E-1,
1024.000,8.85015547E-1,
1025.000,8.85918379E-1,
1026.000,8.86817217E-1,
1027.000,8.87711942E-1,
1028.000,8.88602972E-1,
1029.000,8.89489770E-1,
1030.00,8.90372694E-1,
1031.000,8.91251743E-1,
1032.000,8.92126739E-1,
1033.000,8.92997622E-1,
1034.000,8.93864691E-1,
1035.000,8.94727767E-1,
1036.000,8.95586789E-1,
1037.000,8.96441996E-1,
1038.000,8.97293091E-1,
1039.000,8.98140132E-1,
1040.00,8.98983419E-1,
1041.000,8.99822652E-1,
1042.000,9.00658011E-1,
1043.000,9.01489198E-1,
1044.000,9.02316570E-1,
1045.000,9.03139949E-1,
1046.000,9.03959274E-1,
1047.000,9.04774725E-1,
1048.000,9.05586302E-1,
1049.000,9.06394005E-1,
1050.00,9.07197595E-1,
1051.000,9.07997191E-1,
1052.000,9.08792853E-1,
1053.000,9.09584701E-1,
1054.000,9.10372615E-1,
1055.000,9.11156476E-1,
1056.000,9.11936402E-1,
1057.000,9.12712574E-1,
1058.000,9.13484573E-1,
1059.000,9.14253056E-1,
1060.00,9.15017128E-1,
1061.000,9.15777445E-1,
1062.000,9.16534066E-1,
1063.000,9.17286634E-1,
1064.000,9.18035209E-1,
1065.000,9.18780029E-1,
1066.000,9.19520676E-1,
1067.000,9.20257807E-1,
1068.000,9.20990884E-1,
1069.000,9.21720088E-1,
1070.00,9.22445297E-1,
1071.000,9.23166871E-1,
1072.000,9.23884273E-1,
1073.000,9.24597979E-1,
1074.000,9.25307751E-1,
1075.000,9.26013708E-1,
1076.000,9.26715612E-1,
1077.000,9.27413762E-1,
1078.000,9.28108156E-1,
1079.000,9.28798497E-1,
1080.00,9.29484844E-1,
1081.000,9.30167735E-1,
1082.000,9.30846393E-1,
1083.000,9.31521416E-1,
1084.000,9.32192385E-1,
1085.000,9.32859540E-1,
1086.000,9.33522820E-1,
1087.000,9.34182286E-1,
1088.000,9.34837699E-1,
1089.000,9.35489357E-1,
1090.00,9.36137140E-1,
1091.000,9.36781049E-1,
1092.000,9.37421203E-1,
1093.000,9.38057363E-1,
1094.000,9.38689590E-1,
1095.000,9.39317942E-1,
1096.000,9.39942598E-1,
1097.000,9.40563262E-1,
1098.000,9.41179812E-1,
1099.000,9.41792905E-1,
1100.00,9.42401826E-1,
1101.000,9.43006933E-1,
1102.000,9.43608403E-1,
1103.000,9.44205701E-1,
1104.000,9.44799423E-1,
1105.000,9.45389152E-1,
1106.000,9.45975244E-1,
1107.000,9.46557224E-1,
1108.000,9.47135508E-1,
1109.000,9.47710097E-1,
1110.00,9.48280752E-1,
1111.000,9.48847532E-1,
1112.000,9.49410975E-1,
1113.000,9.49970245E-1,
1114.000,9.50525880E-1,
1115.000,9.51077878E-1,
1116.000,9.51626122E-1,
1117.000,9.52170551E-1,
1118.000,9.52711403E-1,
1119.000,9.53248501E-1,
1120.00,9.53781903E-1,
1121.000,9.54311728E-1,
1122.000,9.54837799E-1,
1123.000,9.55360413E-1,
1124.000,9.55879271E-1,
1125.000,9.56394613E-1,
1126.000,9.56906259E-1,
1127.000,9.57414627E-1,
1128.000,9.57919121E-1,
1129.000,9.58419979E-1,
1130.00,9.58917618E-1,
1131.000,9.59411621E-1,
1132.000,9.59902167E-1,
1133.000,9.60389018E-1,
1134.000,9.60872531E-1,
1135.000,9.61352587E-1,
1136.000,9.61829126E-1,
1137.000,9.62302089E-1,
1138.000,9.62771654E-1,
1139.000,9.63237822E-1,
1140.00,9.63700533E-1,
1141.000,9.64159906E-1,
1142.000,9.64615762E-1,
1143.000,9.65068340E-1,
1144.000,9.65517223E-1,
1145.000,9.65962887E-1,
1146.000,9.66405153E-1,
1147.000,9.66844022E-1,
1148.000,9.67279255E-1,
1149.000,9.67711389E-1,
1150.00,9.68139827E-1,
1151.000,9.68565166E-1,
1152.000,9.68987048E-1,
1153.000,9.69405293E-1,
1154.000,9.69820380E-1,
1155.000,9.70232069E-1,
1156.000,9.70640302E-1,
1157.000,9.71044958E-1,
1158.000,9.71446335E-1,
1159.000,9.71844435E-1,
1160.00,9.72239077E-1,
1161.000,9.72630322E-1,
1162.000,9.73018050E-1,
1163.000,9.73402381E-1,
1164.000,9.73783433E-1,
1165.000,9.74160969E-1,
1166.000,9.74535108E-1,
1167.000,9.74905968E-1,
1168.000,9.75273252E-1,
1169.000,9.75637257E-1,
1170.00,9.75997746E-1,
1171.000,9.76354897E-1,
1172.000,9.76708889E-1,
1173.000,9.77059364E-1,
1174.000,9.77406442E-1,
1175.000,9.77750063E-1,
1176.000,9.78090167E-1,
1177.000,9.78427172E-1,
1178.000,9.78761077E-1,
1179.000,9.79091108E-1,
1180.00,9.79418039E-1,
1181.000,9.79741633E-1,
1182.000,9.80062068E-1,
1183.000,9.80378985E-1,
1184.000,9.80692863E-1,
1185.000,9.81003225E-1,
1186.000,9.81310487E-1,
1187.000,9.81614470E-1,
1188.000,9.81915057E-1,
1189.000,9.82212901E-1,
1190.00,9.82507169E-1,
1191.000,9.82798398E-1,
1192.000,9.83086407E-1,
1193.000,9.83371317E-1,
1194.000,9.83653188E-1,
1195.000,9.83931839E-1,
1196.000,9.84207332E-1,
1197.000,9.84480083E-1,
1198.000,9.84749615E-1,
1199.000,9.85016048E-1,
1200.00,9.85279441E-1,
1201.000,9.85539913E-1,
1202.000,9.85797584E-1,
1203.000,9.86052096E-1,
1204.000,9.86303926E-1,
1205.000,9.86552596E-1,
1206.000,9.86798525E-1,
1207.000,9.87041533E-1,
1208.000,9.87281859E-1,
1209.000,9.87519145E-1,
1210.00,9.87753689E-1,
1211.000,9.87985551E-1,
1212.000,9.88214731E-1,
1213.000,9.88441110E-1,
1214.000,9.88664627E-1,
1215.000,9.88885641E-1,
1216.000,9.89103854E-1,
1217.000,9.89319384E-1,
1218.000,9.89532411E-1,
1219.000,9.89742696E-1,
1220.00,9.89950359E-1,
1221.000,9.90155399E-1,
1222.000,9.90358293E-1,
1223.000,9.90558267E-1,
1224.000,9.90755618E-1,
1225.000,9.90950704E-1,
1226.000,9.91143167E-1,
1227.000,9.91333127E-1,
1228.000,9.91520643E-1,
1229.000,9.91705656E-1,
1230.00,9.91888165E-1,
1231.000,9.92068112E-1,
1232.000,9.92246151E-1,
1233.000,9.92421389E-1,
1234.000,9.92594242E-1,
1235.000,9.92764831E-1,
1236.000,9.92933154E-1,
1237.000,9.93098736E-1,
1238.000,9.93262351E-1,
1239.000,9.93423343E-1,
1240.00,9.93582070E-1,
1241.000,9.93738532E-1,
1242.000,9.93892729E-1,
1243.000,9.94044423E-1,
1244.000,9.94194031E-1,
1245.000,9.94341314E-1,
1246.000,9.94486034E-1,
1247.000,9.94628668E-1,
1248.000,9.94769096E-1,
1249.000,9.94907141E-1,
1250.00,9.95042980E-1,
1251.000,9.95176733E-1,
1252.000,9.95308042E-1,
1253.000,9.95437086E-1,
1254.000,9.95563924E-1,
1255.000,9.95688736E-1,
1256.000,9.95811045E-1,
1257.000,9.95931149E-1,
1258.000,9.96049225E-1,
1259.000,9.96165097E-1,
1260.00,9.96278703E-1,
1261.000,9.96390224E-1,
1262.000,9.96499479E-1,
1263.000,9.96606529E-1,
1264.000,9.96711433E-1,
1265.000,9.96814370E-1,
1266.000,9.96914804E-1,
1267.000,9.97013152E-1,
1268.000,9.97109413E-1,
1269.000,9.97203648E-1,
1270.00,9.97295678E-1,
1271.000,9.97385621E-1,
1272.000,9.97473419E-1,
1273.000,9.97559130E-1,
1274.000,9.97642577E-1,
1275.000,9.97724056E-1,
1276.000,9.97803330E-1,
1277.000,9.97880757E-1,
1278.000,9.97955739E-1,
1279.000,9.98029113E-1,
1280.00,9.98100102E-1,
1281.000,9.98168945E-1,
1282.000,9.98235822E-1,
1283.000,9.98300850E-1,
1284.000,9.98363554E-1,
1285.000,9.98424292E-1,
1286.000,9.98483121E-1,
1287.000,9.98539925E-1,
1288.000,9.98594403E-1,
1289.000,9.98647153E-1,
1290.00,9.98697817E-1,
1291.000,9.98746574E-1,
1292.000,9.98793304E-1,
1293.000,9.98837948E-1,
1294.000,9.98880684E-1,
1295.000,9.98921394E-1,
1296.000,9.98960018E-1,
1297.000,9.98997092E-1,
1298.000,9.99031842E-1,
1299.000,9.99064803E-1,
1300.00,9.99095798E-1,
1301.000,9.99124944E-1,
1302.000,9.99152064E-1,
1303.000,9.99177337E-1,
1304.000,9.99200642E-1,
1305.000,9.99222159E-1,
1306.000,9.99241590E-1,
1307.000,9.99259412E-1,
1308.000,9.99274969E-1,
1309.000,9.99288619E-1,
1310.00,9.99300599E-1,
1311.000,9.99310613E-1,
1312.000,9.99318898E-1,
1313.000,9.99325156E-1,
1314.000,9.99329686E-1,
1315.000,9.99332249E-1,
1316.000,9.99332845E-1,
1317.000,9.99331832E-1,
1318.000,9.99328732E-1,
1319.000,9.99323905E-1,
1320.00,9.99317169E-1,
1321.000,9.99308705E-1,
1322.000,9.99298215E-1,
1323.000,9.99285996E-1,
1324.000,9.99271870E-1,
1325.000,9.99256313E-1,
1326.000,9.99238491E-1,
1327.000,9.99219060E-1,
1328.000,9.99197841E-1,
1329.000,9.99174714E-1,
1330.00,9.99149799E-1,
1331.000,9.99123096E-1,
1332.000,9.99094784E-1,
1333.000,9.99064624E-1,
1334.000,9.99032438E-1,
1335.000,9.98998821E-1,
1336.000,9.98963296E-1,
1337.000,9.98925984E-1,
1338.000,9.98886883E-1,
1339.000,9.98846233E-1,
1340.00,9.98803616E-1,
1341.000,9.98759329E-1,
1342.000,9.98713374E-1,
1343.000,9.98665512E-1,
1344.000,9.98616219E-1,
1345.000,9.98564959E-1,
1346.000,9.98512030E-1,
1347.000,9.98457432E-1,
1348.000,9.98401165E-1,
1349.000,9.98343050E-1,
1350.00,9.98283446E-1,
1351.000,9.98221993E-1,
1352.000,9.98158991E-1,
1353.000,9.98094261E-1,
1354.000,9.98027682E-1,
1355.000,9.97959495E-1,
1356.000,9.97889638E-1,
1357.000,9.97818172E-1,
1358.000,9.97745216E-1,
1359.000,9.97670233E-1,
1360.00,9.97593760E-1,
1361.000,9.97515500E-1,
1362.000,9.97435749E-1,
1363.000,9.97354388E-1,
1364.000,9.97271240E-1,
1365.000,9.97186720E-1,
1366.000,9.97100174E-1,
1367.000,9.97012198E-1,
1368.000,9.96922672E-1,
1369.000,9.96831417E-1,
1370.00,9.96738553E-1,
1371.000,9.96644020E-1,
1372.000,9.96547878E-1,
1373.000,9.96450126E-1,
1374.000,9.96350706E-1,
1375.000,9.96249795E-1,
1376.000,9.96147037E-1,
1377.000,9.96042788E-1,
1378.000,9.95936811E-1,
1379.000,9.95829284E-1,
1380.00,9.95720088E-1,
1381.000,9.95609462E-1,
1382.000,9.95497346E-1,
1383.000,9.95383263E-1,
1384.000,9.95267808E-1,
1385.000,9.95150626E-1,
1386.000,9.95031834E-1,
1387.000,9.94911492E-1,
1388.000,9.94789422E-1,
1389.000,9.94665802E-1,
1390.00,9.94540691E-1,
1391.000,9.94413733E-1,
1392.000,9.94285345E-1,
1393.000,9.94155347E-1,
1394.000,9.94023621E-1,
1395.000,9.93890464E-1,
1396.000,9.93755519E-1,
1397.000,9.93618965E-1,
1398.000,9.93480742E-1,
1399.000,9.93340969E-1,
1400.00,9.93199706E-1,
1401.000,9.93056774E-1,
1402.000,9.92912173E-1,
1403.000,9.92765963E-1,
1404.000,9.92618084E-1,
1405.000,9.92468655E-1,
1406.000,9.92317677E-1,
1407.000,9.92164910E-1,
1408.000,9.92010534E-1,
1409.000,9.91854668E-1,
1410.00,9.91697133E-1,
1411.000,9.91538107E-1,
1412.000,9.91377294E-1,
1413.000,9.91215169E-1,
1414.000,9.91051257E-1,
1415.000,9.90885675E-1,
1416.000,9.90718544E-1,
1417.000,9.90549743E-1,
1418.000,9.90379512E-1,
1419.000,9.90207553E-1,
1420.00,9.90033984E-1,
1421.000,9.89858747E-1,
1422.000,9.89682138E-1,
1423.000,9.89503920E-1,
1424.000,9.89323974E-1,
1425.000,9.89142478E-1,
1426.000,9.88959253E-1,
1427.000,9.88774717E-1,
1428.000,9.88588333E-1,
1429.000,9.88400459E-1,
1430.00,9.88210857E-1,
1431.000,9.88019884E-1,
1432.000,9.87827122E-1,
1433.000,9.87632930E-1,
1434.000,9.87437129E-1,
1435.000,9.87239540E-1,
1436.000,9.87040639E-1,
1437.000,9.86840010E-1,
1438.000,9.86637831E-1,
1439.000,9.86433923E-1,
1440.00,9.86228526E-1,
1441.000,9.86021578E-1,
1442.000,9.85812843E-1,
1443.000,9.85602677E-1,
1444.000,9.85390961E-1,
1445.000,9.85177577E-1,
1446.000,9.84962523E-1,
1447.000,9.84746277E-1,
1448.000,9.84528184E-1,
1449.000,9.84308302E-1,
1450.00,9.84087050E-1,
1451.000,9.83864129E-1,
1452.000,9.83639896E-1,
1453.000,9.83413994E-1,
1454.000,9.83186245E-1,
1455.000,9.82957184E-1,
1456.000,9.82726514E-1,
1457.000,9.82494116E-1,
1458.000,9.82260227E-1,
1459.000,9.82024848E-1,
1460.00,9.81787741E-1,
1461.000,9.81549203E-1,
1462.000,9.81309116E-1,
1463.000,9.81067419E-1,
1464.000,9.80824292E-1,
1465.000,9.80579495E-1,
1466.000,9.80333149E-1,
1467.000,9.80085433E-1,
1468.000,9.79836047E-1,
1469.000,9.79584992E-1,
1470.00,9.79332566E-1,
1471.000,9.79078531E-1,
1472.000,9.78823006E-1,
1473.000,9.78566110E-1,
1474.000,9.78307426E-1,
1475.000,9.78047490E-1,
1476.000,9.77785707E-1,
1477.000,9.77522671E-1,
1478.000,9.77258265E-1,
1479.000,9.76992130E-1,
1480.00,9.76724505E-1,
1481.000,9.76455390E-1,
1482.000,9.76184905E-1,
1483.000,9.75913048E-1,
1484.000,9.75639582E-1,
1485.000,9.75364745E-1,
1486.000,9.75088477E-1,
1487.000,9.74810600E-1,
1488.000,9.74531412E-1,
1489.000,9.74250793E-1,
1490.00,9.73968625E-1,
1491.000,9.73685205E-1,
1492.000,9.73400295E-1,
1493.000,9.73114133E-1,
1494.000,9.72826540E-1,
1495.000,9.72537398E-1,
1496.000,9.72246945E-1,
1497.000,9.71955419E-1,
1498.000,9.71662223E-1,
1499.000,9.71367896E-1,
1500.00,9.71072197E-1,
1501.000,9.70774889E-1,
1502.000,9.70476449E-1,
1503.000,9.70176697E-1,
1504.000,9.69875813E-1,
1505.000,9.69573379E-1,
1506.000,9.69269872E-1,
1507.000,9.68964994E-1,
1508.000,9.68658864E-1,
1509.000,9.68351305E-1,
1510.00,9.68042552E-1,
1511.000,9.67732787E-1,
1512.000,9.67421651E-1,
1513.000,9.67109263E-1,
1514.000,9.66795564E-1,
1515.000,9.66480613E-1,
1516.000,9.66164589E-1,
1517.000,9.65847254E-1,
1518.000,9.65528905E-1,
1519.000,9.65209305E-1,
1520.00,9.64888573E-1,
1521.000,9.64566529E-1,
1522.000,9.64243472E-1,
1523.000,9.63919163E-1,
1524.000,9.63593721E-1,
1525.000,9.63267326E-1,
1526.000,9.62939620E-1,
1527.000,9.62610900E-1,
1528.000,9.62280989E-1,
1529.000,9.61950302E-1,
1530.00,9.61618245E-1,
1531.000,9.61285293E-1,
1532.000,9.60951269E-1,
1533.000,9.60616052E-1,
1534.000,9.60279942E-1,
1535.000,9.59942639E-1,
1536.000,9.59604561E-1,
1537.000,9.59265649E-1,
1538.000,9.58925307E-1,
1539.000,9.58583951E-1,
1540.00,9.58241880E-1,
1541.000,9.57898974E-1,
1542.000,9.57555056E-1,
1543.000,9.57210004E-1,
1544.000,9.56864297E-1,
1545.000,9.56517518E-1,
1546.000,9.56169844E-1,
1547.000,9.55821335E-1,
1548.000,9.55471873E-1,
1549.000,9.55121756E-1,
1550.00,9.54770446E-1,
1551.000,9.54418540E-1,
1552.000,9.54065621E-1,
1553.000,9.53712046E-1,
1554.000,9.53357697E-1,
1555.000,9.53002512E-1,
1556.000,9.52646375E-1,
1557.000,9.52289760E-1,
1558.000,9.51932132E-1,
1559.000,9.51573849E-1,
1560.00,9.51214671E-1,
1561.000,9.50854778E-1,
1562.000,9.50494230E-1,
1563.000,9.50132906E-1,
1564.000,9.49770868E-1,
1565.000,9.49408293E-1,
1566.000,9.49044704E-1,
1567.000,9.48680639E-1,
1568.000,9.48315978E-1,
1569.000,9.47950661E-1,
1570.00,9.47584510E-1,
1571.000,9.47217822E-1,
1572.000,9.46850359E-1,
1573.000,9.46482241E-1,
1574.000,9.46113527E-1,
1575.000,9.45744455E-1,
1576.000,9.45374429E-1,
1577.000,9.45003927E-1,
1578.000,9.44632649E-1,
1579.000,9.44260955E-1,
1580.00,9.43888605E-1,
1581.000,9.43515778E-1,
1582.000,9.43142056E-1,
1583.000,9.42767978E-1,
1584.000,9.42393363E-1,
1585.000,9.42018330E-1,
1586.000,9.41642344E-1,
1587.000,9.41266060E-1,
1588.000,9.40889120E-1,
1589.000,9.40511405E-1,
1590.00,9.40133572E-1,
1591.000,9.39754963E-1,
1592.000,9.39375758E-1,
1593.000,9.38996017E-1,
1594.000,9.38615739E-1,
1595.000,9.38235044E-1,
1596.000,9.37853575E-1,
1597.000,9.37471688E-1,
1598.000,9.37089264E-1,
1599.000,9.36706126E-1,
1600.00,9.36322629E-1,
1601.000,9.35938597E-1,
1602.000,9.35553908E-1,
1603.000,9.35168743E-1,
1604.000,9.34783280E-1,
1605.000,9.34396744E-1,
1606.000,9.34009969E-1,
1607.000,9.33622539E-1,
1608.000,9.33234394E-1,
1609.000,9.32846010E-1,
1610.00,9.32456911E-1,
1611.000,9.32067156E-1,
1612.000,9.31676984E-1,
1613.000,9.31285977E-1,
1614.000,9.30894613E-1,
1615.000,9.30502653E-1,
1616.000,9.30109859E-1,
1617.000,9.29716766E-1,
1618.000,9.29322660E-1,
1619.000,9.28928256E-1,
1620.00,9.28533316E-1,
1621.000,9.28137600E-1,
1622.000,9.27741230E-1,
1623.000,9.27344263E-1,
1624.000,9.26946521E-1,
1625.000,9.26548362E-1,
1626.000,9.26149487E-1,
1627.000,9.25749779E-1,
1628.000,9.25349474E-1,
1629.000,9.24948752E-1,
1630.00,9.24547017E-1,
1631.000,9.24144745E-1,
1632.000,9.23741817E-1,
1633.000,9.23338115E-1,
1634.000,9.22933817E-1,
1635.000,9.22528863E-1,
1636.000,9.22123194E-1,
1637.000,9.21716511E-1,
1638.000,9.21309471E-1,
1639.000,9.20901537E-1,
1640.00,9.20493186E-1,
1641.000,9.20083821E-1,
1642.000,9.19673860E-1,
1643.000,9.19263124E-1,
1644.000,9.18851614E-1,
1645.000,9.18439448E-1,
1646.000,9.18026686E-1,
1647.000,9.17612970E-1,
1648.000,9.17198658E-1,
1649.000,9.16783750E-1,
1650.00,9.16368008E-1,
1651.000,9.15951669E-1,
1652.000,9.15534317E-1,
1653.000,9.15116549E-1,
1654.000,9.14698064E-1,
1655.000,9.14278865E-1,
1656.000,9.13858891E-1,
1657.000,9.13438320E-1,
1658.000,9.13017035E-1,
1659.000,9.12594855E-1,
1660.00,9.12172318E-1,
1661.000,9.11748827E-1,
1662.000,9.11324680E-1,
1663.000,9.10899937E-1,
1664.000,9.10474479E-1,
1665.000,9.10048544E-1,
1666.000,9.09621656E-1,
1667.000,9.09194231E-1,
1668.000,9.08766031E-1,
1669.000,9.08337235E-1,
1670.00,9.07907784E-1,
1671.000,9.07477558E-1,
1672.000,9.07046795E-1,
1673.000,9.06615436E-1,
1674.000,9.06183422E-1,
1675.000,9.05750573E-1,
1676.000,9.05317247E-1,
1677.000,9.04883206E-1,
1678.000,9.04448450E-1,
1679.000,9.04013038E-1,
1680.00,9.03577030E-1,
1681.000,9.03140545E-1,
1682.000,9.02703226E-1,
1683.000,9.02265370E-1,
1684.000,9.01826799E-1,
1685.000,9.01387513E-1,
1686.000,9.00947809E-1,
1687.000,9.00507450E-1,
1688.000,9.00066316E-1,
1689.000,8.99624646E-1,
1690.00,8.99182320E-1,
1691.000,8.98739457E-1,
1692.000,8.98295879E-1,
1693.000,8.97851646E-1,
1694.000,8.97407055E-1,
1695.000,8.96961629E-1,
1696.000,8.96515727E-1,
1697.000,8.96069169E-1,
1698.000,8.95621896E-1,
1699.000,8.95174205E-1,
1700.00,8.94725800E-1,
1701.000,8.94276798E-1,
1702.000,8.93827319E-1,
1703.000,8.93377244E-1,
1704.000,8.92926514E-1,
1705.000,8.92475247E-1,
1706.000,8.92023087E-1,
1707.000,8.91570687E-1,
1708.000,8.91117692E-1,
1709.000,8.90664101E-1,
1710.00,8.90209854E-1,
1711.000,8.89755130E-1,
1712.000,8.89299750E-1,
1713.000,8.88844073E-1,
1714.000,8.88387382E-1,
1715.000,8.87930393E-1,
1716.000,8.87472868E-1,
1717.000,8.87014747E-1,
1718.000,8.86556029E-1,
1719.000,8.86096776E-1,
1720.00,8.85636926E-1,
1721.000,8.85176957E-1,
1722.000,8.84716034E-1,
1723.000,8.84254634E-1,
1724.000,8.83792639E-1,
1725.000,8.83330107E-1,
1726.000,8.82867277E-1,
1727.000,8.82403851E-1,
1728.000,8.81939769E-1,
1729.000,8.81475210E-1,
1730.00,8.81010115E-1,
1731.000,8.80544424E-1,
1732.000,8.80078495E-1,
1733.000,8.79611850E-1,
1734.000,8.79144847E-1,
1735.000,8.78677130E-1,
1736.000,8.78208995E-1,
1737.000,8.77740443E-1,
1738.000,8.77271414E-1,
1739.000,8.76801789E-1,
1740.00,8.76331568E-1,
1741.000,8.75861049E-1,
1742.000,8.75389934E-1,
1743.000,8.74918461E-1,
1744.000,8.74446452E-1,
1745.000,8.73973787E-1,
1746.000,8.73500824E-1,
1747.000,8.73027503E-1,
1748.000,8.72553349E-1,
1749.000,8.72079134E-1,
1750.00,8.71604264E-1,
1751.000,8.71128976E-1,
1752.000,8.70653152E-1,
1753.000,8.70176971E-1,
1754.000,8.69700193E-1,
1755.000,8.69223177E-1,
1756.000,8.68745565E-1,
1757.000,8.68267477E-1,
1758.000,8.67788970E-1,
1759.000,8.67310166E-1,
1760.00,8.66830707E-1,
1761.000,8.66350830E-1,
1762.000,8.65870714E-1,
1763.000,8.65390182E-1,
1764.000,8.64908993E-1,
1765.000,8.64427567E-1,
1766.000,8.63945663E-1,
1767.000,8.63463342E-1,
1768.000,8.62980664E-1,
1769.000,8.62497449E-1,
1770.00,8.62013936E-1,
1771.000,8.61529946E-1,
1772.000,8.61045539E-1,
1773.000,8.60560834E-1,
1774.000,8.60075712E-1,
1775.000,8.59590054E-1,
1776.000,8.59104276E-1,
1777.000,8.58617902E-1,
1778.000,8.58131289E-1,
1779.000,8.57644022E-1,
1780.00,8.57156575E-1,
1781.000,8.56668591E-1,
1782.000,8.56180489E-1,
1783.000,8.55691850E-1,
1784.000,8.55202913E-1,
1785.000,8.54713738E-1,
1786.000,8.54224086E-1,
1787.000,8.53733838E-1,
1788.000,8.53243470E-1,
1789.000,8.52752686E-1,
1790.00,8.52261543E-1,
1791.000,8.51770103E-1,
1792.000,8.51278424E-1,
1793.000,8.50786209E-1,
1794.000,8.50293636E-1,
1795.000,8.49800766E-1,
1796.000,8.49307597E-1,
1797.000,8.48814249E-1,
1798.000,8.48320425E-1,
1799.000,8.47826302E-1,
1800.00,8.47331822E-1,
