645.00, 1.006037e-01
646.00, 1.067184e-01
647.00, 1.128886e-01
648.00, 1.191795e-01
649.00, 1.256550e-01
650.00, 1.323661e-01
651.00, 1.393428e-01
652.00, 1.465951e-01
653.00, 1.541207e-01
654.00, 1.619120e-01
655.00, 1.699564e-01
656.00, 1.782368e-01
657.00, 1.867402e-01
658.00, 1.954698e-01
659.00, 2.044494e-01
660.00, 2.137129e-01
661.00, 2.232858e-01
662.00, 2.331697e-01
663.00, 2.433400e-01
664.00, 2.537593e-01
665.00, 2.643972e-01
666.00, 2.752457e-01
667.00, 2.863211e-01
668.00, 2.976539e-01
669.00, 3.092702e-01
670.00, 3.211769e-01
671.00, 3.333594e-01
672.00, 3.457897e-01
673.00, 3.584383e-01
674.00, 3.712844e-01
675.00, 3.843247e-01
676.00, 3.975755e-01
677.00, 4.110662e-01
678.00, 4.248179e-01
679.00, 4.388151e-01
680.00, 4.529948e-01
681.00, 4.672729e-01
682.00, 4.815911e-01
683.00, 4.959479e-01
684.00, 5.103885e-01
685.00, 5.249661e-01
686.00, 5.397030e-01
687.00, 5.545754e-01
688.00, 5.695218e-01
689.00, 5.844607e-01
690.00, 5.993118e-01
691.00, 6.140158e-01
692.00, 6.285437e-01
693.00, 6.428961e-01
694.00, 6.570996e-01
695.00, 6.711985e-01
696.00, 6.852358e-01
697.00, 6.992306e-01
698.00, 7.131717e-01
699.00, 7.270224e-01
700.00, 7.407198e-01
701.00, 7.541807e-01
702.00, 7.673316e-01
703.00, 7.801467e-01
704.00, 7.926553e-01
705.00, 8.049142e-01
706.00, 8.169700e-01
707.00, 8.288303e-01
708.00, 8.404551e-01
709.00, 8.517762e-01
710.00, 8.627309e-01
711.00, 8.732848e-01
712.00, 8.834342e-01
713.00, 8.931927e-01
714.00, 9.025784e-01
715.00, 9.116078e-01
716.00, 9.202911e-01
717.00, 9.286224e-01
718.00, 9.365725e-01
719.00, 9.440914e-01
720.00, 9.511152e-01
721.00, 9.575792e-01
722.00, 9.634451e-01
723.00, 9.687320e-01
724.00, 9.735141e-01
725.00, 9.778747e-01
726.00, 9.818588e-01
727.00, 9.854679e-01
728.00, 9.886857e-01
729.00, 9.914939e-01
730.00, 9.938715e-01
731.00, 9.958006e-01
732.00, 9.972820e-01
733.00, 9.983358e-01
734.00, 9.989803e-01
735.00, 9.992127e-01
736.00, 9.990094e-01
737.00, 9.983370e-01
738.00, 9.971645e-01
739.00, 9.954778e-01
740.00, 9.932971e-01
741.00, 9.906791e-01
742.00, 9.876944e-01
743.00, 9.843854e-01
744.00, 9.807335e-01
745.00, 9.766593e-01
746.00, 9.720656e-01
747.00, 9.668998e-01
748.00, 9.611878e-01
749.00, 9.550054e-01
750.00, 9.484209e-01
751.00, 9.414712e-01
752.00, 9.341854e-01
753.00, 9.266161e-01
754.00, 9.188384e-01
755.00, 9.109147e-01
756.00, 9.028575e-01
757.00, 8.946287e-01
758.00, 8.861738e-01
759.00, 8.774572e-01
760.00, 8.684743e-01
761.00, 8.592398e-01
762.00, 8.497773e-01
763.00, 8.401209e-01
764.00, 8.303211e-01
765.00, 8.204307e-01
766.00, 8.104788e-01
767.00, 8.004553e-01
768.00, 7.903140e-01
769.00, 7.799941e-01
770.00, 7.694575e-01
771.00, 7.587231e-01
772.00, 7.478662e-01
773.00, 7.369832e-01
774.00, 7.261465e-01
775.00, 7.153853e-01
776.00, 7.046919e-01
777.00, 6.940375e-01
778.00, 6.833839e-01
779.00, 6.726874e-01
780.00, 6.618993e-01
781.00, 6.509786e-01
782.00, 6.399278e-01
783.00, 6.288196e-01
784.00, 6.177703e-01
785.00, 6.068689e-01
786.00, 5.961366e-01
787.00, 5.855459e-01
788.00, 5.750604e-01
789.00, 5.646536e-01
790.00, 5.543150e-01
791.00, 5.440551e-01
792.00, 5.339099e-01
793.00, 5.239345e-01
794.00, 5.141849e-01
795.00, 5.046883e-01
796.00, 4.954192e-01
797.00, 4.863062e-01
798.00, 4.772686e-01
799.00, 4.682552e-01
800.00, 4.592624e-01
801.00, 4.503287e-01
802.00, 4.415121e-01
803.00, 4.328694e-01
804.00, 4.244491e-01
805.00, 4.162892e-01
806.00, 4.084046e-01
807.00, 4.007745e-01
808.00, 3.933517e-01
809.00, 3.860872e-01
810.00, 3.789487e-01
811.00, 3.719192e-01
812.00, 3.649878e-01
813.00, 3.581456e-01
814.00, 3.513845e-01
815.00, 3.446975e-01
816.00, 3.380797e-01
817.00, 3.315354e-01
818.00, 3.250879e-01
819.00, 3.187825e-01
820.00, 3.126688e-01
821.00, 3.067680e-01
822.00, 3.010504e-01
823.00, 2.954486e-01
824.00, 2.898991e-01
825.00, 2.843806e-01
826.00, 2.789225e-01
827.00, 2.735795e-01
828.00, 2.683935e-01
829.00, 2.633677e-01
830.00, 2.584652e-01
831.00, 2.536331e-01
832.00, 2.488387e-01
833.00, 2.440969e-01
834.00, 2.394606e-01
835.00, 2.349818e-01
836.00, 2.306797e-01
837.00, 2.265399e-01
838.00, 2.225296e-01
839.00, 2.186046e-01
840.00, 2.147112e-01
841.00, 2.108016e-01
842.00, 2.068590e-01
843.00, 2.029110e-01
844.00, 1.990184e-01
845.00, 1.952451e-01
846.00, 1.916247e-01
847.00, 1.881461e-01
848.00, 1.847726e-01
849.00, 1.814848e-01
850.00, 1.783003e-01
851.00, 1.752439e-01
852.00, 1.722975e-01
853.00, 1.693916e-01
854.00, 1.664559e-01
855.00, 1.634743e-01
856.00, 1.604886e-01
857.00, 1.575558e-01
858.00, 1.547077e-01
859.00, 1.519434e-01
860.00, 1.492456e-01
861.00, 1.466000e-01
862.00, 1.440030e-01
863.00, 1.414553e-01
864.00, 1.389529e-01
865.00, 1.364862e-01
866.00, 1.340449e-01
867.00, 1.316219e-01
868.00, 1.292185e-01
869.00, 1.268497e-01
870.00, 1.245399e-01
871.00, 1.223046e-01
872.00, 1.201318e-01
873.00, 1.179806e-01
874.00, 1.158048e-01
875.00, 1.135866e-01
876.00, 1.113535e-01
877.00, 1.091634e-01
878.00, 1.070692e-01
879.00, 1.050885e-01
880.00, 1.031958e-01
881.00, 1.013437e-01
